pathway	pval	padj	log2err	ES	NES	size
PID_ANGIOPOIETIN_RECEPTOR_PATHWAY	0.0140885965484134	0.305252925215623	0.380730400722792	-0.479604380856594	-1.74392485537235	15
PID_ERBB1_DOWNSTREAM_PATHWAY	0.0123821534816088	0.305252925215623	0.380730400722792	-0.321360454344893	-1.67923058593064	45
PID_ERBB4_PATHWAY	0.0131134823023149	0.305252925215623	0.380730400722792	-0.459624187227767	-1.77854457925544	18
PID_IL2_PI3K_PATHWAY	0.0118284174957132	0.305252925215623	0.380730400722792	-0.488659157427603	-1.77684959616355	15
PID_PTP1B_PATHWAY	0.00757875377342258	0.305252925215623	0.407017918923954	-0.509375592071797	-1.80619103447184	14
PID_VEGFR1_2_PATHWAY	0.00785476407564319	0.305252925215623	0.380730400722792	-0.433133992864204	-1.7920954759593	22
PID_PDGFRB_PATHWAY	0.017060592685134	0.316839578438203	0.352487857583619	-0.290615359395583	-1.56264957664785	53
PID_ERBB2_ERBB3_PATHWAY	0.0227001311846174	0.325814536340852	0.352487857583619	-0.437768508886592	-1.69397266306865	18
PID_GMCSF_PATHWAY	0.0371546532609924	0.325814536340852	0.321775918075361	-0.485954962860761	-1.61727927283732	11
PID_IL2_STAT5_PATHWAY	0.0219252397128715	0.325814536340852	0.352487857583619	-0.523592920870706	-1.74254003569293	11
PID_IL3_PATHWAY	0.0483558994197292	0.325814536340852	0.287857117255149	-0.508094864719899	-1.62872966007654	10
PID_IL4_2PATHWAY	0.0277884824956562	0.325814536340852	0.352487857583619	-0.440173087598848	-1.63937924632672	16
PID_INSULIN_PATHWAY	0.0441136115225176	0.325814536340852	0.321775918075361	-0.386574214181741	-1.53748667093818	20
PID_KIT_PATHWAY	0.0370594530902947	0.325814536340852	0.321775918075361	-0.396657906571062	-1.54863504420081	19
PID_NFAT_TFPATHWAY	0.0515463917525773	0.325814536340852	0.287857117255149	0.509551832051062	1.57304656506098	10
PID_PI3K_PLC_TRK_PATHWAY	0.0517241379310345	0.325814536340852	0.276500599254472	-0.471265454879122	-1.56839195075499	11
PID_RET_PATHWAY	0.0526315789473684	0.325814536340852	0.282013350011725	-0.425438389082003	-1.54696789846781	15
PID_TCPTP_PATHWAY	0.0294137702504706	0.325814536340852	0.352487857583619	-0.406290989638982	-1.61590441932204	20
PID_TELOMERASE_PATHWAY	0.0522088353413655	0.325814536340852	0.282013350011725	-0.356981185593074	-1.53882304487614	25
PID_TGFBR_PATHWAY	0.0407566099487624	0.325814536340852	0.321775918075361	-0.362673162454599	-1.56335919837359	25
PID_TRKR_PATHWAY	0.0337758107566498	0.325814536340852	0.321775918075361	-0.376450427977874	-1.59773228840998	24
PID_RAC1_REG_PATHWAY	0.0587044534412955	0.34688995215311	0.266350657088526	-0.414786243318348	-1.50823484576485	15
PID_FAK_PATHWAY	0.0631163708086785	0.356744704570792	0.252961123069611	-0.316878631811798	-1.47702658722289	31
PID_NECTIN_PATHWAY	0.0769230769230769	0.416666666666667	0.231126709673834	-0.404116648205576	-1.46943834419685	15
PID_IGF1_PATHWAY	0.092156862745098	0.47921568627451	0.206587922696891	-0.407464075230188	-1.40517668164553	13
PID_MTOR_4PATHWAY	0.0968379446640316	0.484189723320158	0.20207170902116	-0.34555579135667	-1.39742982849707	21
PID_EPHB_FWD_PATHWAY	0.104838709677419	0.504778972520908	0.195789002148949	-0.387855593076605	-1.37529419506615	14
PID_EPO_PATHWAY	0.112016293279022	0.52007564736689	0.190023305279108	-0.35946413894031	-1.39096899927113	18
PID_A6B1_A6B4_INTEGRIN_PATHWAY	0.131578947368421	0.534539473684211	0.173747838999571	-0.37512260035597	-1.364010948783	15
PID_FGF_PATHWAY	0.130434782608696	0.534539473684211	0.172324344900946	-0.337192199189674	-1.36360740832677	21
PID_HDAC_CLASSIII_PATHWAY	0.119587628865979	0.534539473684211	0.184706471207739	0.448474500227469	1.38449364269888	10
PID_IL12_2PATHWAY	0.130177514792899	0.534539473684211	0.172324344900946	-0.398922251843919	-1.34630764534328	12
PID_ARF6_TRAFFICKING_PATHWAY	0.172064777327935	0.574712643678161	0.150169802128406	-0.361088681093988	-1.31298118009	15
PID_CD8_TCR_DOWNSTREAM_PATHWAY	0.163636363636364	0.574712643678161	0.154190966581424	0.385350448650215	1.29946796990706	12
PID_CXCR3_PATHWAY	0.172413793103448	0.574712643678161	0.14551614609036	-0.39578681904783	-1.31719576468586	11
PID_ECADHERIN_NASCENT_AJ_PATHWAY	0.145956607495069	0.574712643678161	0.161978948883402	-0.323700254851017	-1.33931248030042	22
PID_ILK_PATHWAY	0.171079429735234	0.574712643678161	0.151148761385484	-0.336608226923105	-1.30252661622919	18
PID_P38_ALPHA_BETA_DOWNSTREAM_PATHWAY	0.16798418972332	0.574712643678161	0.150169802128406	0.357545733373967	1.27158519893221	14
PID_PI3KCI_PATHWAY	0.156862745098039	0.574712643678161	0.155241966228839	-0.375205465318874	-1.29392995049734	13
PID_LKB1_PATHWAY	0.1875	0.594512195121951	0.142901149386948	-0.357311266716481	-1.26698730073451	14
PID_RXR_VDR_PATHWAY	0.18568665377176	0.594512195121951	0.140406238523342	-0.404401462154539	-1.29633401501219	10
PID_BCR_5PATHWAY	0.195266272189349	0.594771241830065	0.138022242496643	-0.305513033259549	-1.26406270062183	22
PID_CDC42_PATHWAY	0.205882352941176	0.594771241830065	0.133554954557592	-0.246652165926517	-1.20654813760667	36
PID_CERAMIDE_PATHWAY	0.201612903225806	0.594771241830065	0.137250779610133	-0.350558143506569	-1.24304145255043	14
PID_ECADHERIN_STABILIZATION_PATHWAY	0.20162932790224	0.594771241830065	0.138022242496643	-0.326004867007683	-1.26149625093615	18
PID_IFNG_PATHWAY	0.211693548387097	0.598264375876578	0.133554954557592	-0.346783326546812	-1.22965635782739	14
PID_E2F_PATHWAY	0.222664015904573	0.615879192927541	0.128788713061714	0.310904613647378	1.23591374018114	19
PID_HEDGEHOG_GLI_PATHWAY	0.241106719367589	0.626877470355731	0.122679189568808	0.334959042004202	1.19125728628277	14
PID_IL12_STAT4_PATHWAY	0.235976789168279	0.626877470355731	0.122679189568808	-0.372600248879114	-1.19439324984295	10
PID_PDGFRA_PATHWAY	0.240631163708087	0.626877470355731	0.122679189568808	-0.356301591617788	-1.20246878840614	12
PID_PS1_PATHWAY	0.264940239043825	0.671342685370741	0.116739204791222	0.306811627280868	1.17877966261919	17
PID_RAC1_PATHWAY	0.268537074148297	0.671342685370741	0.116234148779716	-0.305507007578025	-1.19276295857598	19
PID_AR_TF_PATHWAY	0.279527559055118	0.678643433179724	0.112378519110475	0.313701725770393	1.15423139093079	15
PID_IL2_1PATHWAY	0.288	0.678643433179724	0.11146266692298	-0.306947071075656	-1.16909377889909	17
PID_NEPHRIN_NEPH1_PATHWAY	0.292338709677419	0.678643433179724	0.11101149245045	-0.32798555194371	-1.16300147195418	14
PID_NFAT_3PATHWAY	0.290909090909091	0.678643433179724	0.11146266692298	0.272811200276329	1.14859501612319	22
PID_ATF2_PATHWAY	0.305555555555556	0.693440704797302	0.107140237276725	0.29646286334185	1.11634334757631	16
PID_NOTCH_PATHWAY	0.30938123752495	0.693440704797302	0.106729884364606	-0.287345244806554	-1.14283226257778	20
PID_CXCR4_PATHWAY	0.322200392927308	0.709933069161866	0.103197466945307	-0.227421967637149	-1.10065150856654	35
PID_ERBB1_RECEPTOR_PROXIMAL_PATHWAY	0.331983805668016	0.71178643167239	0.103197466945307	-0.305911453003004	-1.11234719224662	15
PID_IL6_7_PATHWAY	0.33399209486166	0.71178643167239	0.101350743797099	-0.272702377597023	-1.10281015768829	21
PID_HIV_NEF_PATHWAY	0.341176470588235	0.715370018975332	0.0995791200495904	-0.313021741797778	-1.07948376105015	13
PID_ENDOTHELIN_PATHWAY	0.35515873015873	0.724574148296593	0.0978773277424561	0.284305771747143	1.0705653092256	16
PID_SHP2_PATHWAY	0.356713426853707	0.724574148296593	0.0982123351217438	-0.280996712721743	-1.09706966486034	19
PID_CASPASE_PATHWAY	0.36491935483871	0.729838709677419	0.0972150808846466	-0.307299632295115	-1.08965142693704	14
PID_THROMBIN_PAR1_PATHWAY	0.388560157790927	0.765345765345765	0.0922597260527354	-0.314725232365273	-1.06215430339441	12
PID_REG_GR_PATHWAY	0.404040404040404	0.783958992914217	0.0913924325943768	0.243960344061772	1.02712658071672	22
PID_AJDISS_2PATHWAY	0.429141716566866	0.791334396597554	0.0873098257637931	-0.261437419226591	-1.03979141028892	20
PID_AVB3_INTEGRIN_PATHWAY	0.442687747035573	0.791334396597554	0.0850427463764322	-0.253237189796955	-1.02409281383386	21
PID_AVB3_OPN_PATHWAY	0.45213849287169	0.791334396597554	0.0855356947987884	-0.262037000759478	-1.01396858610962	18
PID_INSULIN_GLUCOSE_PATHWAY	0.462626262626263	0.791334396597554	0.0838361057159929	0.295423445938077	0.996218654735663	12
PID_MET_PATHWAY	0.458413926499033	0.791334396597554	0.0819778796501272	-0.198619505492032	-0.992384003014781	40
PID_MYC_REPRESS_PATHWAY	0.437125748502994	0.791334396597554	0.0862865626267245	0.247010410446958	0.998279631865166	20
PID_P53_DOWNSTREAM_PATHWAY	0.462301587301587	0.791334396597554	0.0828962134571565	0.221310062250029	0.996594379263133	28
PID_S1P_S1P2_PATHWAY	0.445360824742268	0.791334396597554	0.0870515867946735	0.329244602776378	1.01641689595642	10
PID_SYNDECAN_2_PATHWAY	0.420833333333333	0.791334396597554	0.0908241419007155	0.318340196388977	1.02064549800762	11
PID_BETA_CATENIN_NUC_PATHWAY	0.529644268774704	0.830602381233054	0.0755015292281669	-0.235283171405662	-0.951486648725542	21
PID_BMP_PATHWAY	0.539393939393939	0.830602381233054	0.0756946307932749	0.279084154554378	0.941119754816208	12
PID_FCER1_PATHWAY	0.508982035928144	0.830602381233054	0.0780892306943345	-0.245100354067529	-0.974815478106076	20
PID_HIF1_TFPATHWAY	0.512922465208748	0.830602381233054	0.0774767547848578	0.237852347274496	0.945515026883121	19
PID_HNF3B_PATHWAY	0.521649484536083	0.830602381233054	0.0785029047348687	0.308902071056432	0.953617102816837	10
PID_LIS1_PATHWAY	0.541586073500967	0.830602381233054	0.0732558655828455	-0.285724375456764	-0.915907239428261	10
PID_LYSOPHOSPHOLIPID_PATHWAY	0.521739130434783	0.830602381233054	0.0762797180809272	-0.238500199597119	-0.964496331289996	21
PID_P75_NTR_PATHWAY	0.543086172344689	0.830602381233054	0.0749278818393739	-0.241715925256972	-0.943709293053785	19
PID_RHOA_PATHWAY	0.497991967871486	0.830602381233054	0.0795564677235957	-0.255905913793388	-0.953095170751308	16
PID_EPHRINB_REV_PATHWAY	0.559386973180077	0.845584959458255	0.0711327399327894	-0.268882739312871	-0.894853462457643	11
PID_ATM_PATHWAY	0.577777777777778	0.853535353535353	0.0721797965581253	0.268696027652198	0.906089204770149	12
PID_ERBB1_INTERNALIZATION_PATHWAY	0.573122529644269	0.853535353535353	0.0714786287425507	-0.226962114289784	-0.917836240573785	21
PID_AR_PATHWAY	0.75	0.866295065566156	0.0589694466690997	-0.188860306133327	-0.793170555217278	23
PID_BARD1_PATHWAY	0.633333333333333	0.866295065566156	0.066132620475844	-0.252573762304311	-0.871023441723053	13
PID_CD8_TCR_PATHWAY	0.758823529411765	0.866295065566156	0.0574877409561325	-0.226712496263975	-0.781838528974161	13
PID_CMYB_PATHWAY	0.602	0.866295065566156	0.0696133438850965	-0.216451262682831	-0.90904633014002	23
PID_ER_NONGENOMIC_PATHWAY	0.733333333333333	0.866295065566156	0.0605092988656667	0.236562054118922	0.797727920908672	12
PID_FAS_PATHWAY	0.759674134419552	0.866295065566156	0.059221919380382	-0.197216501306046	-0.763141603694093	18
PID_FOXO_PATHWAY	0.75	0.866295065566156	0.0585937568945671	0.20748730964467	0.781302167891587	16
PID_HDAC_CLASSI_PATHWAY	0.71031746031746	0.866295065566156	0.0611692626746689	0.187928754653586	0.820900982379801	25
PID_HES_HEY_PATHWAY	0.688235294117647	0.866295065566156	0.0621124188949471	-0.24202713728482	-0.834652452356502	13
PID_HNF3A_PATHWAY	0.684536082474227	0.866295065566156	0.0647943366000727	0.263090200617198	0.812190459047583	10
PID_IL1_PATHWAY	0.666666666666667	0.866295065566156	0.0639271933359996	-0.244355255650065	-0.824665325989911	12
PID_INTEGRIN1_PATHWAY	0.623015873015873	0.866295065566156	0.0675188953767744	0.229867724144939	0.865576557478679	16
PID_INTEGRIN3_PATHWAY	0.69375	0.866295065566156	0.0646484568421928	0.259821296319011	0.833025296153539	11
PID_INTEGRIN_A4B1_PATHWAY	0.642424242424242	0.866295065566156	0.0668966276500666	0.25673326761292	0.865748721043775	12
PID_NCADHERIN_PATHWAY	0.685370741482966	0.866295065566156	0.0633597010643758	-0.207923740968297	-0.811777570673863	19
PID_NETRIN_PATHWAY	0.685483870967742	0.866295065566156	0.0636424081651019	-0.23310852990222	-0.826577761717636	14
PID_P73PATHWAY	0.698795180722892	0.866295065566156	0.0625237414724762	-0.216507094492634	-0.806358333558987	16
PID_PI3KCI_AKT_PATHWAY	0.757396449704142	0.866295065566156	0.0578529757032509	-0.225563991387663	-0.761247397746501	12
PID_PLK1_PATHWAY	0.680808080808081	0.866295065566156	0.0640703750499722	0.248985523062769	0.839621994275427	12
PID_RB_1PATHWAY	0.74703557312253	0.866295065566156	0.0585937568945671	-0.199126437493727	-0.805268585728537	21
PID_RHOA_REG_PATHWAY	0.613725490196078	0.866295065566156	0.0676760401641789	-0.257057236699788	-0.886485108299963	13
PID_SMAD2_3NUCLEAR_PATHWAY	0.734375	0.866295065566156	0.0588438169595807	0.180681278110888	0.808174207093778	27
PID_SYNDECAN_4_PATHWAY	0.608247422680412	0.866295065566156	0.070619624712259	0.282062261581933	0.870759447432092	10
PID_TCR_PATHWAY	0.716	0.866295065566156	0.0611692626746689	-0.207870517296096	-0.791733010306204	17
PID_TRAIL_PATHWAY	0.63921568627451	0.866295065566156	0.0656813601934011	-0.250551634129037	-0.864049949992308	13
PID_WNT_NONCANONICAL_PATHWAY	0.63817097415507	0.866295065566156	0.066436413766281	0.215236398229036	0.855611690150322	19
PID_EPHA2_FWD_PATHWAY	0.798816568047337	0.895225464190981	0.0553642837725362	-0.213857296803616	-0.721738916213189	12
PID_MYC_ACTIV_PATHWAY	0.792	0.895225464190981	0.0564118388217596	-0.181339618784743	-0.761585369944512	23
PID_AP1_PATHWAY	0.845238095238095	0.905313295557198	0.0530212512043078	0.184300122387908	0.693989841648401	16
PID_AR_NONGENOMIC_PATHWAY	0.839458413926499	0.905313295557198	0.0521630305460055	-0.216951831667071	-0.695452577027894	10
PID_DELTA_NP63_PATHWAY	0.83921568627451	0.905313295557198	0.052805004567129	-0.204443122646071	-0.705040581805314	13
PID_EPHA_FWDPATHWAY	0.816091954022989	0.905313295557198	0.0530212512043078	-0.213177066835603	-0.709462559262437	11
PID_P53_REGULATION_PATHWAY	0.835030549898167	0.905313295557198	0.0547939500773363	-0.178442575648258	-0.690494722529292	18
PID_RETINOIC_ACID_PATHWAY	0.856565656565657	0.905313295557198	0.0532386494755899	0.196296883299617	0.661946841722705	12
PID_TXA2PATHWAY	0.852822580645161	0.905313295557198	0.053347785067549	-0.194138640218738	-0.68839472653455	14
PID_P38_MKK3_6PATHWAY	0.874226804123711	0.916528101097439	0.0532386494755899	0.215095858105037	0.664026266747025	10
PID_TNF_PATHWAY	0.919678714859438	0.956465863453815	0.0496901392724606	-0.163493888934562	-0.608916119526223	16
PID_ERA_GENOMIC_PATHWAY	0.950396825396825	0.980568153187201	0.0476387259290825	0.157489460707721	0.593033170470723	16
PID_CD40_PATHWAY	0.971544715447154	0.994494590615198	0.0477342401407188	0.154537077981134	0.531634287516345	13
PID_CDC42_REG_PATHWAY	0.986166007905138	1	0.04577044581081	0.143063129900525	0.508793537480566	14
PID_REELIN_PATHWAY	0.996055226824458	1	0.0452247443372884	-0.139503714308469	-0.470805818073945	12
PID_TAP63_PATHWAY	1	1	0.0462302524077616	-0.109379021714537	-0.397721126490977	15
