pathway	pval	padj	log2err	ES	NES	size
PID_CD40_PATHWAY	0.000391379015709736	0.0348623771130326	0.49849310876659	-0.619000481580094	-2.15018485404665	13
PID_PDGFRB_PATHWAY	0.000536344263277424	0.0348623771130326	0.477270815362862	-0.357368632650306	-2.03446478773172	62
PID_CXCR4_PATHWAY	0.0044525803779809	0.104278984283415	0.407017918923954	-0.356738772963753	-1.82638759036599	43
PID_ECADHERIN_NASCENT_AJ_PATHWAY	0.00561502223064542	0.104278984283415	0.407017918923954	-0.479098441254312	-1.83432688243072	17
PID_ERBB1_DOWNSTREAM_PATHWAY	0.00269407606498685	0.104278984283415	0.431707695803346	-0.343332058500493	-1.83350470163756	49
PID_IL4_2PATHWAY	0.00552005356712499	0.104278984283415	0.407017918923954	-0.515189343369477	-1.92260924653072	16
PID_VEGFR1_PATHWAY	0.00327043744813756	0.104278984283415	0.431707695803346	-0.570928843468522	-1.92933145587901	12
PID_AVB3_OPN_PATHWAY	0.00952467410178774	0.154775954154051	0.380730400722792	-0.469079121852603	-1.84093824621299	18
PID_FAS_PATHWAY	0.018264287574276	0.204647817654165	0.352487857583619	-0.430435558530232	-1.72155133527821	19
PID_NEPHRIN_NEPH1_PATHWAY	0.01993742325169	0.204647817654165	0.352487857583619	-0.52418831294611	-1.70474992662345	11
PID_PI3KCI_PATHWAY	0.0158723724830541	0.204647817654165	0.352487857583619	-0.419877290106841	-1.77687855238515	22
PID_PTP1B_PATHWAY	0.0220389957473717	0.204647817654165	0.352487857583619	-0.434554782855952	-1.70544473749928	18
PID_TELOMERASE_PATHWAY	0.0205868021667832	0.204647817654165	0.352487857583619	-0.4099470895825	-1.73485494037199	22
PID_VEGFR1_2_PATHWAY	0.0177081011949062	0.204647817654165	0.352487857583619	-0.357487733869823	-1.68766968254383	31
PID_ANGIOPOIETIN_RECEPTOR_PATHWAY	0.0254617270467257	0.220668301071623	0.352487857583619	-0.446344332535739	-1.66569000681825	16
PID_AR_PATHWAY	0.0331601756504241	0.226885412345007	0.321775918075361	-0.338933861380854	-1.5283562128354	27
PID_BCR_5PATHWAY	0.0328682172809247	0.226885412345007	0.321775918075361	-0.312844671523516	-1.54209254521726	37
PID_HES_HEY_PATHWAY	0.0316048932322464	0.226885412345007	0.321775918075361	-0.406946316824109	-1.62760478596911	19
PID_MET_PATHWAY	0.0313019165056417	0.226885412345007	0.321775918075361	-0.317020557828215	-1.59812907861038	39
PID_ALPHA_SYNUCLEIN_PATHWAY	0.0372085856983039	0.232192082667108	0.321775918075361	-0.43600804105841	-1.57749783443294	14
PID_RAC1_PATHWAY	0.0375079518154558	0.232192082667108	0.321775918075361	-0.376420377254666	-1.55742860083614	21
PID_EPO_PATHWAY	0.0422750614881033	0.24980718152061	0.321775918075361	-0.420249522719945	-1.56830809610135	16
PID_IL2_1PATHWAY	0.0454911056680488	0.25712364073245	0.321775918075361	-0.35352550119138	-1.56984083686482	26
PID_AVB3_INTEGRIN_PATHWAY	0.0700636942675159	0.267890595728737	0.248911114434702	-0.363764326877056	-1.45489597746091	19
PID_CDC42_PATHWAY	0.0685840707964602	0.267890595728737	0.257206466468838	-0.320269425817263	-1.47146493657555	29
PID_ERBB1_INTERNALIZATION_PATHWAY	0.06553911205074	0.267890595728737	0.257206466468838	-0.36643578987283	-1.49015753153101	20
PID_ERBB1_RECEPTOR_PROXIMAL_PATHWAY	0.0666666666666667	0.267890595728737	0.257206466468838	-0.390171327443561	-1.49385114426514	17
PID_ER_NONGENOMIC_PATHWAY	0.0573770491803279	0.267890595728737	0.271288554688953	-0.419698955450854	-1.54699466898266	15
PID_IL2_PI3K_PATHWAY	0.0623655913978495	0.267890595728737	0.266350657088526	-0.398516006102926	-1.52580046213403	17
PID_NETRIN_PATHWAY	0.0588235294117647	0.267890595728737	0.266350657088526	-0.451473659766536	-1.52565830795413	12
PID_NFKAPPAB_ATYPICAL_PATHWAY	0.0599173553719008	0.267890595728737	0.266350657088526	-0.472330794682101	-1.53610041981056	11
PID_SMAD2_3NUCLEAR_PATHWAY	0.0608108108108108	0.267890595728737	0.276500599254472	-0.31531926126173	-1.46285742551183	30
PID_TCPTP_PATHWAY	0.0580645161290323	0.267890595728737	0.276500599254472	-0.387442576112148	-1.52054914266738	18
PID_TRKR_PATHWAY	0.0657894736842105	0.267890595728737	0.261663521711573	-0.332454055524082	-1.44129019293943	25
PID_P38_ALPHA_BETA_DOWNSTREAM_PATHWAY	0.0737704918032787	0.274004683840749	0.237793834423688	-0.407231390675698	-1.50103969103509	15
PID_RETINOIC_ACID_PATHWAY	0.0764587525150905	0.276101050748938	0.231126709673834	-0.405399426154923	-1.46675440959144	14
PID_CXCR3_PATHWAY	0.0903225806451613	0.286388670338316	0.219250346703755	-0.366300282331087	-1.43757453258346	18
PID_EPHRINB_REV_PATHWAY	0.0867768595041322	0.286388670338316	0.219250346703755	-0.471962915621268	-1.4805876815773	10
PID_ERBB2_ERBB3_PATHWAY	0.0903225806451613	0.286388670338316	0.219250346703755	-0.365522573829314	-1.43452235383872	18
PID_IFNG_PATHWAY	0.0885529157667387	0.286388670338316	0.222056046145248	-0.339837713073382	-1.43831873980618	23
PID_REELIN_PATHWAY	0.0867768595041322	0.286388670338316	0.219250346703755	-0.470704602656534	-1.47664024712114	10
PID_P38_ALPHA_BETA_PATHWAY	0.0925553319919517	0.286480789498898	0.208955027549354	-0.395640713871765	-1.43144692430707	14
PID_P75_NTR_PATHWAY	0.101479915433404	0.306799744333546	0.204294756516886	-0.371453087700398	-1.38620712997357	16
PID_IL6_7_PATHWAY	0.107142857142857	0.316558441558442	0.197822021315103	-0.334904765540183	-1.41728335635515	22
PID_ATR_PATHWAY	0.115830115830116	0.334620334620335	0.181383128498408	0.436725592054045	1.39725377707806	11
PID_BETA_CATENIN_NUC_PATHWAY	0.12719298245614	0.344480994152047	0.184706471207739	-0.305220724512625	-1.32322535884977	25
PID_IL3_PATHWAY	0.125760649087221	0.344480994152047	0.178219874951973	-0.407595188887399	-1.37738043572634	12
PID_REG_GR_PATHWAY	0.123110151187905	0.344480994152047	0.186432558434075	-0.324709561135612	-1.37429081237592	23
PID_INSULIN_PATHWAY	0.136069114470842	0.360999691453255	0.176694268938498	-0.317774016048364	-1.34493702353493	23
PID_RET_PATHWAY	0.13953488372093	0.362790697674419	0.172324344900946	-0.354806695728645	-1.32408529547104	16
PID_FGF_PATHWAY	0.150905432595573	0.384660906616168	0.160801401070022	-0.36979240127107	-1.33792649965536	14
PID_CD8_TCR_DOWNSTREAM_PATHWAY	0.186770428015564	0.405094160682834	0.140406238523342	0.354564372479146	1.25204271345149	15
PID_EPHB_FWD_PATHWAY	0.169014084507042	0.405094160682834	0.151148761385484	-0.363212723955167	-1.31412091411637	14
PID_ERBB4_PATHWAY	0.171247357293869	0.405094160682834	0.154190966581424	-0.347070035861981	-1.29521324291726	16
PID_FANCONI_PATHWAY	0.189453125	0.405094160682834	0.139599673451922	0.375288321077992	1.27427006176897	13
PID_HDAC_CLASSII_PATHWAY	0.186475409836066	0.405094160682834	0.144630528034484	-0.34618480479567	-1.27602425630629	15
PID_HIV_NEF_PATHWAY	0.183098591549296	0.405094160682834	0.144630528034484	-0.359193163300946	-1.29957795244985	14
PID_INTEGRIN_A4B1_PATHWAY	0.190082644628099	0.405094160682834	0.143758989039275	-0.40873747086541	-1.28224410082256	10
PID_NCADHERIN_PATHWAY	0.173361522198731	0.405094160682834	0.153158808683073	-0.346004440095835	-1.29123659957356	16
PID_NECTIN_PATHWAY	0.175050301810865	0.405094160682834	0.148261500475107	-0.361559054421868	-1.30813785907612	14
PID_THROMBIN_PAR1_PATHWAY	0.183585313174946	0.405094160682834	0.150169802128406	-0.302525009350012	-1.28039759411342	23
PID_P53_DOWNSTREAM_PATHWAY	0.193333333333333	0.405376344086021	0.148261500475107	-0.259026925534723	-1.2426557993563	34
PID_ERA_GENOMIC_PATHWAY	0.203023758099352	0.418937913538346	0.142056643575821	-0.293897444236208	-1.24388255147775	23
PID_AMB2_NEUTROPHILS_PATHWAY	0.214285714285714	0.423913043478261	0.133554954557592	-0.354685285713421	-1.23204900801928	13
PID_ENDOTHELIN_PATHWAY	0.212903225806452	0.423913043478261	0.138022242496643	-0.312663936596707	-1.22707443643859	18
PID_MYC_ACTIV_PATHWAY	0.215217391304348	0.423913043478261	0.138022242496643	-0.282518340371964	-1.21340762995502	24
PID_AR_NONGENOMIC_PATHWAY	0.21900826446281	0.424941408659183	0.132846300606183	-0.384901628690276	-1.25176583884359	11
PID_ARF6_TRAFFICKING_PATHWAY	0.223360655737705	0.427013018322083	0.130777137971974	-0.330641827250407	-1.2187334217918	15
PID_AR_TF_PATHWAY	0.230263157894737	0.433829138062548	0.133554954557592	-0.273722539376361	-1.18667107539932	25
PID_FCER1_PATHWAY	0.236725663716814	0.439633375474083	0.132147260608774	-0.257051397555509	-1.2135181417663	31
PID_AJDISS_2PATHWAY	0.241448692152918	0.442089154646187	0.12384217120105	-0.332932771921303	-1.2045666071724	14
PID_GMCSF_PATHWAY	0.281720430107527	0.481890209394454	0.11776578836269	-0.297576061078419	-1.16786087138795	18
PID_LYSOPHOSPHOLIPID_PATHWAY	0.272536687631027	0.481890209394454	0.118287526124085	-0.27892585298748	-1.15404778063176	21
PID_TNF_PATHWAY	0.274841437632135	0.481890209394454	0.118287526124085	-0.280572158599147	-1.1409822043298	20
PID_TRAIL_PATHWAY	0.278688524590164	0.481890209394454	0.115240003147781	-0.314069979326872	-1.1576502095037	15
PID_TXA2PATHWAY	0.274122807017544	0.481890209394454	0.120985142145252	-0.267204046927467	-1.15841141340021	25
PID_HDAC_CLASSI_PATHWAY	0.287280701754386	0.482361411087113	0.11776578836269	-0.248465491785157	-1.12560660550952	28
PID_KIT_PATHWAY	0.289416846652268	0.482361411087113	0.116234148779716	-0.275965606283416	-1.16798838913356	23
PID_IL1_PATHWAY	0.31198347107438	0.512228260869565	0.108394255853397	-0.348226502663421	-1.13249206478367	11
PID_NFAT_3PATHWAY	0.315217391304348	0.512228260869565	0.11101149245045	-0.264292251606372	-1.13512713622393	24
PID_HIF1_TFPATHWAY	0.321353065539112	0.515751833581291	0.107972360317345	-0.271250992376104	-1.10307650179256	20
PID_EPHA_FWDPATHWAY	0.346855983772819	0.536800927267459	0.100633389423036	-0.326677394217208	-1.10393612058347	12
PID_HDAC_CLASSIII_PATHWAY	0.345559845559846	0.536800927267459	0.0978773277424561	0.340723789074232	1.09010694561129	11
PID_IL12_2PATHWAY	0.341935483870968	0.536800927267459	0.105125131597001	-0.282978575579323	-1.11057188089165	18
PID_ATF2_PATHWAY	0.357293868921776	0.540095383253847	0.101350743797099	-0.291544632045576	-1.08800077595011	16
PID_RAC1_REG_PATHWAY	0.355179704016913	0.540095383253847	0.101713902282311	-0.264893409536155	-1.07722258628237	20
PID_LKB1_PATHWAY	0.385633270321361	0.576233622319275	0.0902635484340068	0.269525918534095	1.05948718417671	20
PID_IGF1_PATHWAY	0.413934426229508	0.602846648301194	0.0908241419007155	-0.280699521113511	-1.03464794731765	15
PID_IL8_CXCR1_PATHWAY	0.417355371900826	0.602846648301194	0.0908241419007155	-0.316308816753171	-1.02869029856787	11
PID_TCR_PATHWAY	0.414316702819957	0.602846648301194	0.0940503465727813	-0.213492047735489	-1.03615368800011	35
PID_AP1_PATHWAY	0.427956989247312	0.604721832632071	0.0916795246008379	-0.26861953092859	-1.02846510090541	17
PID_IL8_CXCR2_PATHWAY	0.42393509127789	0.604721832632071	0.0888945288620449	-0.303359529242299	-1.02513840192782	12
PID_LYMPH_ANGIOGENESIS_PATHWAY	0.450413223140496	0.629609881809295	0.0865399737444125	-0.305838623065893	-0.994639440356619	11
PID_ATM_PATHWAY	0.484171322160149	0.669598637029993	0.0770736734944102	0.257656448736291	0.977741956796839	18
PID_CASPASE_PATHWAY	0.518046709129512	0.680263355422591	0.080419996876154	-0.240342238212301	-0.961262360691043	19
PID_CERAMIDE_PATHWAY	0.511627906976744	0.680263355422591	0.0808589150280032	-0.236530302912067	-0.961880422330065	20
PID_ILK_PATHWAY	0.507399577167019	0.680263355422591	0.0813027345384498	-0.238243635957961	-0.968847908074967	20
PID_PS1_PATHWAY	0.513184584178499	0.680263355422591	0.0785029047348687	-0.276062265313817	-0.932893158831149	12
PID_SYNDECAN_2_PATHWAY	0.507722007722008	0.680263355422591	0.0764767053228531	0.296393108186705	0.948275982559159	11
PID_IL2_STAT5_PATHWAY	0.531187122736419	0.690543259557344	0.0762797180809272	-0.260837509652245	-0.943722518549091	14
PID_RAS_PATHWAY	0.537525354969574	0.690702087286527	0.0760837160951725	-0.272411302383826	-0.920555513421108	12
PID_RHOA_PATHWAY	0.541935483870968	0.690702087286527	0.0787113806986485	-0.246055282069902	-0.942073235060502	17
PID_SHP2_PATHWAY	0.575371549893843	0.726197101807763	0.0749278818393739	-0.232125206808776	-0.928397879343209	19
PID_P53_REGULATION_PATHWAY	0.618181818181818	0.760877936080092	0.0636424081651019	0.192371958757742	0.886255247846571	31
PID_PI3K_PLC_TRK_PATHWAY	0.620408163265306	0.760877936080092	0.069119845655101	-0.251762056059191	-0.87453075703637	13
PID_WNT_NONCANONICAL_PATHWAY	0.614931237721022	0.760877936080092	0.0676760401641789	0.264165165070867	0.870594689280008	12
PID_CD8_TCR_PATHWAY	0.630901287553648	0.766515583009105	0.0707899094502623	-0.198237556051403	-0.880279951067242	26
PID_DELTA_NP63_PATHWAY	0.65625	0.782683486238532	0.0642140881844605	0.252239592050934	0.856465129583734	13
PID_E2F_PATHWAY	0.652014652014652	0.782683486238532	0.0614364107201271	0.201090717377631	0.860618583622569	25
PID_S1P_S1P3_PATHWAY	0.716942148760331	0.847295266716754	0.0626618230932491	-0.250746091820322	-0.78661174949333	10
PID_GLYPICAN_1PATHWAY	0.747933884297521	0.873655913978495	0.060640400949416	-0.243971340713081	-0.765358780874113	10
PID_HEDGEHOG_GLI_PATHWAY	0.752688172043011	0.873655913978495	0.062249042949858	-0.202374090485549	-0.774830812459398	17
PID_CDC42_REG_PATHWAY	0.789795918367347	0.877944325481799	0.0574877409561325	-0.217192049454266	-0.754446998108656	13
PID_FAK_PATHWAY	0.786036036036036	0.877944325481799	0.0623861492893626	-0.165331577036005	-0.767021095289035	30
PID_PI3KCI_AKT_PATHWAY	0.768361581920904	0.877944325481799	0.0550211117163117	0.198358995626753	0.766765013947099	19
PID_TAP63_PATHWAY	0.776536312849162	0.877944325481799	0.0540088272801684	0.204386416662897	0.761969154144216	17
PID_TGFBR_PATHWAY	0.790149892933619	0.877944325481799	0.0597317976364411	-0.169363221106057	-0.763710448252899	27
PID_BMP_PATHWAY	0.80859375	0.883337710084034	0.0543434390269162	0.218809907324272	0.742956544240072	13
PID_RB_1PATHWAY	0.805615550755939	0.883337710084034	0.059221919380382	-0.172410493416903	-0.729704897605686	23
PID_MYC_REPRESS_PATHWAY	0.815513626834382	0.883473095737247	0.0572461135202884	-0.177063131864644	-0.732593670222723	21
PID_CMYB_PATHWAY	0.83585313174946	0.892600942816151	0.0574877409561325	-0.164567680096867	-0.696511214453238	23
PID_ECADHERIN_STABILIZATION_PATHWAY	0.84375	0.892600942816151	0.0523759084097997	0.204766819668733	0.695274042096521	13
PID_NOTCH_PATHWAY	0.84453781512605	0.892600942816151	0.0557104226766671	-0.165542732875317	-0.700560231477456	22
PID_MTOR_4PATHWAY	0.864468864468865	0.899047619047619	0.0483117581055019	0.154247867984282	0.687881332626082	28
PID_RHOA_REG_PATHWAY	0.861635220125786	0.899047619047619	0.0546808488785442	-0.168790326078262	-0.698365171662568	21
PID_P73PATHWAY	0.888278388278388	0.909261342332208	0.0470699590082662	0.157151296027861	0.672568717072931	25
PID_SYNDECAN_4_PATHWAY	0.886363636363636	0.909261342332208	0.0526973085708419	-0.208062534517774	-0.652709811319093	10
PID_MAPK_TRK_PATHWAY	0.896030245746692	0.910030718336484	0.0481183992657975	0.172637817109527	0.629333464821383	16
PID_FOXO_PATHWAY	0.914046121593291	0.921131750442852	0.0519512476197082	-0.157268462305492	-0.650693788127161	21
PID_NFAT_TFPATHWAY	0.951737451737452	0.951737451737452	0.0463227785794633	0.178513628789695	0.551090839426846	10
