pathway	pval	padj	log2err	ES	NES	size
PID_AR_TF_PATHWAY	0.00188236753054973	0.068706414865065	0.45505986738723	-0.458605194449218	-1.92166435160597	23
PID_ERBB1_RECEPTOR_PROXIMAL_PATHWAY	0.00172631779583383	0.068706414865065	0.45505986738723	-0.537133964528986	-2.03738664378954	17
PID_TCPTP_PATHWAY	0.00182773766831484	0.068706414865065	0.45505986738723	-0.501146442434795	-2.00782327429499	20
PID_TRAIL_PATHWAY	0.000505232437187863	0.068706414865065	0.477270815362862	-0.60149736355531	-2.0769149637555	14
PID_NEPHRIN_NEPH1_PATHWAY	0.00435472146857472	0.127157866882382	0.407017918923954	-0.589102873877652	-1.91755432926104	12
PID_AR_PATHWAY	0.00635678474183023	0.132584367472459	0.407017918923954	-0.413051519209611	-1.75725813265401	24
PID_REG_GR_PATHWAY	0.00610769463691943	0.132584367472459	0.407017918923954	-0.417944817312127	-1.84954204881985	26
PID_PI3K_PLC_TRK_PATHWAY	0.00842526666365577	0.153761116611718	0.380730400722792	-0.564794963270771	-1.83843107034244	12
PID_MET_PATHWAY	0.00962266719770767	0.156101045651702	0.380730400722792	-0.34832309009833	-1.7459155696569	39
PID_PDGFRB_PATHWAY	0.0123528974303492	0.180352302483098	0.380730400722792	-0.285483734590053	-1.6462356873183	63
PID_BARD1_PATHWAY	0.0169337436448735	0.193782873965903	0.352487857583619	-0.539882140372496	-1.75733879678374	12
PID_BCR_5PATHWAY	0.018072435814042	0.193782873965903	0.352487857583619	-0.381946867341421	-1.69023938640063	26
PID_FCER1_PATHWAY	0.0157582523633387	0.193782873965903	0.352487857583619	-0.395778953342679	-1.65840752560156	23
PID_INSULIN_PATHWAY	0.018581919421388	0.193782873965903	0.352487857583619	-0.438461066366251	-1.73114416687193	19
PID_FAS_PATHWAY	0.0241250311940414	0.199098933465708	0.352487857583619	-0.497468630230317	-1.66779290983539	13
PID_FGF_PATHWAY	0.0271300424310369	0.199098933465708	0.352487857583619	-0.447321806536924	-1.61018600628173	15
PID_ILK_PATHWAY	0.0272738265021518	0.199098933465708	0.352487857583619	-0.4084123499422	-1.63628782385331	20
PID_LYMPH_ANGIOGENESIS_PATHWAY	0.0246209349267064	0.199098933465708	0.352487857583619	-0.450660020330567	-1.62220228864926	15
PID_P38_MKK3_6PATHWAY	0.0213049112186873	0.199098933465708	0.352487857583619	-0.478898773091054	-1.65359332928398	14
PID_RAC1_REG_PATHWAY	0.0245074413921177	0.199098933465708	0.352487857583619	-0.399255383075612	-1.63732200934726	21
PID_HEDGEHOG_GLI_PATHWAY	0.0357356452762212	0.217391842097012	0.321775918075361	-0.380642732338804	-1.56099266227895	21
PID_HES_HEY_PATHWAY	0.0343932197323827	0.217391842097012	0.321775918075361	-0.388620165037874	-1.59726959535448	22
PID_TCR_PATHWAY	0.0335882720365184	0.217391842097012	0.321775918075361	-0.364938611517068	-1.5291791910887	23
PID_VEGFR1_PATHWAY	0.034695577708052	0.217391842097012	0.321775918075361	-0.503646880216557	-1.63939151955088	12
PID_ERBB1_DOWNSTREAM_PATHWAY	0.0399359219106528	0.233225783958212	0.321775918075361	-0.276414239865257	-1.48992471298585	51
PID_BETA_CATENIN_NUC_PATHWAY	0.043272015770108	0.242989011632145	0.321775918075361	-0.347157146868732	-1.53628353334151	26
PID_ER_NONGENOMIC_PATHWAY	0.0456465885722161	0.24682970116828	0.321775918075361	-0.400836172569011	-1.58259251560203	19
PID_PI3KCI_PATHWAY	0.0530785562632696	0.276766757658477	0.287857117255149	-0.394110855816644	-1.55603943310667	19
PID_FAK_PATHWAY	0.05625	0.278980891719745	0.276500599254472	-0.300955522635701	-1.4981917998182	37
PID_TNF_PATHWAY	0.0573248407643312	0.278980891719745	0.276500599254472	-0.389164586642575	-1.53651043569892	19
PID_IL6_7_PATHWAY	0.0636942675159236	0.286872160137541	0.261663521711573	-0.378149164184197	-1.49301903863489	19
PID_LYSOPHOSPHOLIPID_PATHWAY	0.0659574468085106	0.286872160137541	0.257206466468838	-0.3467311482808	-1.45288560903206	23
PID_NFKAPPAB_CANONICAL_PATHWAY	0.0668058455114822	0.286872160137541	0.252961123069611	-0.481912114258011	-1.49047535617179	10
PID_SHP2_PATHWAY	0.0663811563169165	0.286872160137541	0.257206466468838	-0.360151746737843	-1.47696037833272	21
PID_IL3_PATHWAY	0.0709812108559499	0.296093050999105	0.245041785430996	-0.477936929363184	-1.47818075940472	10
PID_MYC_ACTIV_PATHWAY	0.0767590618336887	0.311300639658849	0.237793834423688	-0.357517579200199	-1.43237995065915	20
PID_CDC42_REG_PATHWAY	0.0817610062893082	0.314134392585237	0.227987202850442	-0.411494324654647	-1.48122088738049	15
PID_KIT_PATHWAY	0.0799136069114471	0.314134392585237	0.234392647294686	-0.38350247946998	-1.47785294206261	18
PID_CD40_PATHWAY	0.103225806451613	0.370595999593867	0.204294756516886	-0.442269653451872	-1.40399567565957	11
PID_IFNG_PATHWAY	0.106609808102345	0.370595999593867	0.199915231309662	-0.343388194541736	-1.37577113342222	20
PID_PI3KCI_AKT_PATHWAY	0.105494505494505	0.370595999593867	0.204294756516886	-0.432353960357537	-1.40733010348365	12
PID_VEGFR1_2_PATHWAY	0.10625	0.370595999593867	0.197822021315103	-0.27963458359603	-1.39205367098803	37
PID_ERA_GENOMIC_PATHWAY	0.114893617021277	0.385021097046414	0.191892240384838	-0.367601615740598	-1.39433860378221	17
PID_IL2_PI3K_PATHWAY	0.116033755274262	0.385021097046414	0.190023305279108	-0.397355443514524	-1.37203172710022	14
PID_CD8_TCR_DOWNSTREAM_PATHWAY	0.12218045112782	0.39640768588137	0.173747838999571	0.374502060748716	1.36937063890973	17
PID_AR_NONGENOMIC_PATHWAY	0.125531914893617	0.398427382053654	0.183023938384487	-0.371400750537135	-1.36704673689201	16
PID_GMCSF_PATHWAY	0.134171907756813	0.416789330478612	0.175204047558551	-0.373377090690527	-1.34401354396401	15
PID_CMYB_PATHWAY	0.141078838174274	0.42911479944675	0.169570644405628	-0.283645698106094	-1.30132251614716	29
PID_ECADHERIN_STABILIZATION_PATHWAY	0.161350844277674	0.436244875269266	0.149207542435322	0.33088285530569	1.28407892836003	20
PID_FOXO_PATHWAY	0.159041394335512	0.436244875269266	0.163180127180689	-0.314839990618314	-1.29402534829172	22
PID_HDAC_CLASSII_PATHWAY	0.149350649350649	0.436244875269266	0.16823816568964	-0.393978444521646	-1.32083596124838	13
PID_IGF1_PATHWAY	0.16017316017316	0.436244875269266	0.161978948883402	-0.386980150933278	-1.29737376942691	13
PID_RET_PATHWAY	0.154989384288747	0.436244875269266	0.163180127180689	-0.334465505789639	-1.3205460046114	19
PID_SYNDECAN_4_PATHWAY	0.15678776290631	0.436244875269266	0.153158808683073	0.436995623636426	1.33035403687473	10
PID_RETINOIC_ACID_PATHWAY	0.174004192872117	0.46190203926053	0.152144922367565	-0.358544670190416	-1.29062254987529	15
PID_INTEGRIN3_PATHWAY	0.181818181818182	0.468682344158268	0.151148761385484	-0.378660334283967	-1.26948109363662	13
PID_P38_ALPHA_BETA_DOWNSTREAM_PATHWAY	0.182978723404255	0.468682344158268	0.149207542435322	-0.339739344953425	-1.2505078738821	16
PID_EPO_PATHWAY	0.188311688311688	0.469037332447103	0.148261500475107	-0.374576835861331	-1.25579092444255	13
PID_TXA2PATHWAY	0.189542483660131	0.469037332447103	0.148261500475107	-0.283256322902469	-1.21881068142931	25
PID_CXCR3_PATHWAY	0.200863930885529	0.480756293594873	0.142901149386948	-0.323736009748281	-1.24753877763535	18
PID_HDAC_CLASSI_PATHWAY	0.200435729847495	0.480756293594873	0.143758989039275	-0.279760641085113	-1.20376927195886	25
PID_ATM_PATHWAY	0.215982721382289	0.508604472932488	0.137250779610133	-0.317909387938718	-1.22508549338163	18
PID_ERBB1_INTERNALIZATION_PATHWAY	0.223880597014925	0.510727611940298	0.133554954557592	-0.298033356476181	-1.19405877998823	20
PID_RAC1_PATHWAY	0.220994475138122	0.510727611940298	0.12384217120105	0.288923363646899	1.22360912319103	25
PID_ARF6_PATHWAY	0.238095238095238	0.534798534798535	0.130105630751129	-0.359804095301979	-1.20626444082826	13
PID_IL2_1PATHWAY	0.246187363834423	0.535629896779008	0.128142916898415	-0.288711516408289	-1.18663458171992	22
PID_INTEGRIN1_PATHWAY	0.247334754797441	0.535629896779008	0.126253987849115	-0.275399941246022	-1.17164267404962	24
PID_TRKR_PATHWAY	0.249471458773784	0.535629896779008	0.125033367555272	-0.258963238198308	-1.16766095618596	28
PID_ECADHERIN_NASCENT_AJ_PATHWAY	0.25703564727955	0.537229437229437	0.114750719227023	0.284510016626973	1.17852679523414	24
PID_NECTIN_PATHWAY	0.257575757575758	0.537229437229437	0.115240003147781	0.339696331955128	1.15829781347317	14
PID_ARF6_TRAFFICKING_PATHWAY	0.271028037383178	0.541600423953365	0.11101149245045	0.290321525597547	1.149634795077	21
PID_CD8_TCR_PATHWAY	0.265392781316348	0.541600423953365	0.120985142145252	-0.298111688661138	-1.17701285356768	19
PID_ERBB4_PATHWAY	0.270212765957447	0.541600423953365	0.119887845115423	-0.303010650484503	-1.1493405611847	17
PID_RB_1PATHWAY	0.274509803921569	0.541600423953365	0.120433371642259	-0.277822212882609	-1.14187840332023	22
PID_EPHA_FWDPATHWAY	0.290322580645161	0.547086835462801	0.115734447701689	-0.362297149684316	-1.15012103473638	11
PID_ERBB2_ERBB3_PATHWAY	0.308510638297872	0.547086835462801	0.11101149245045	-0.293560942011492	-1.113497156928	17
PID_HIF1_TFPATHWAY	0.311015118790497	0.547086835462801	0.11146266692298	-0.287890977767609	-1.1094075038971	18
PID_LKB1_PATHWAY	0.308510638297872	0.547086835462801	0.11101149245045	-0.29351186249782	-1.11331099490466	17
PID_NOTCH_PATHWAY	0.30672268907563	0.547086835462801	0.110564716336619	-0.247898749315455	-1.09703277015724	26
PID_P53_REGULATION_PATHWAY	0.3	0.547086835462801	0.112843355675562	-0.264989931648222	-1.11037055695469	23
PID_RAS_PATHWAY	0.288888888888889	0.547086835462801	0.106323255932708	0.336524927143025	1.12923295596986	13
PID_TELOMERASE_PATHWAY	0.304526748971193	0.547086835462801	0.109684061970549	-0.236715104361754	-1.12528122532665	32
PID_UPA_UPAR_PATHWAY	0.287912087912088	0.547086835462801	0.11776578836269	-0.349547817622596	-1.13779266862848	12
PID_A6B1_A6B4_INTEGRIN_PATHWAY	0.35031847133758	0.601336079160179	0.102821842840815	-0.273927076575555	-1.0815264960514	19
PID_INTEGRIN_A4B1_PATHWAY	0.354211663066955	0.601336079160179	0.103197466945307	-0.274506044404698	-1.0578277509395	18
PID_RHOA_PATHWAY	0.350649350649351	0.601336079160179	0.0946646223153342	0.285188270794066	1.07050518028695	18
PID_PTP1B_PATHWAY	0.360759493670886	0.605412483631602	0.100633389423036	-0.312252435871925	-1.07817888460599	14
PID_LIS1_PATHWAY	0.374771480804388	0.621779956789098	0.0899860794997137	0.323108539380982	1.06559262058018	12
PID_THROMBIN_PAR1_PATHWAY	0.414634146341463	0.680186352425322	0.0857844408075645	0.248296275878236	1.02851849558258	24
PID_RHOA_REG_PATHWAY	0.427659574468085	0.693758865248227	0.0911073131586733	-0.238972944214126	-1.00135321939852	23
PID_CERAMIDE_PATHWAY	0.448351648351648	0.696498425722736	0.0902635484340068	-0.314034308002582	-1.0221947193758	12
PID_CXCR4_PATHWAY	0.448430493273543	0.696498425722736	0.0913924325943768	-0.193042006216842	-1.01640617006417	48
PID_IL4_2PATHWAY	0.441613588110403	0.696498425722736	0.0891647117820678	-0.253035646047294	-0.999042369475844	19
PID_TAP63_PATHWAY	0.43984962406015	0.696498425722736	0.0826646449123753	0.278104717122506	0.99799859301814	16
PID_ANGIOPOIETIN_RECEPTOR_PATHWAY	0.460554371002132	0.703708662471549	0.0870515867946735	-0.247421416099468	-0.991284055394993	20
PID_AVB3_OPN_PATHWAY	0.467532467532468	0.703708662471549	0.0870515867946735	-0.29361578745947	-0.984364236824183	13
PID_CDC42_PATHWAY	0.462962962962963	0.703708662471549	0.0847985102819124	-0.209400706490864	-0.995435775928359	32
PID_HIF2PATHWAY	0.488469601677149	0.72036931156428	0.0828962134571565	-0.270960205025232	-0.975352249801049	15
PID_INTEGRIN_A9B1_PATHWAY	0.484342379958246	0.72036931156428	0.083129129135339	-0.315570915557198	-0.976009232485802	10
PID_ATF2_PATHWAY	0.503759398496241	0.735488721804511	0.0755015292281669	0.261074914968162	0.954623113150606	17
PID_AP1_PATHWAY	0.525233644859813	0.747679504961058	0.0730744399126987	0.237581387466206	0.940790832273476	21
PID_IL8_CXCR1_PATHWAY	0.527472527472527	0.747679504961058	0.0813027345384498	-0.297603844197175	-0.96871287707135	12
PID_P53_DOWNSTREAM_PATHWAY	0.525	0.747679504961058	0.0787113806986485	-0.191924122410206	-0.955420734147267	37
PID_FANCONI_PATHWAY	0.586497890295359	0.797426527756181	0.0736212741014394	-0.260120264340823	-0.898171300689025	14
PID_IL2_STAT5_PATHWAY	0.591208791208791	0.797426527756181	0.0753093764172773	-0.279799213115308	-0.91075806319105	12
PID_IL8_CXCR2_PATHWAY	0.589098532494759	0.797426527756181	0.0730744399126987	-0.250606896733657	-0.902088188640357	15
PID_P38_MK2_PATHWAY	0.569937369519833	0.797426527756181	0.0745500777420554	-0.299183066208932	-0.925324294565423	10
PID_PLK1_PATHWAY	0.580645161290323	0.797426527756181	0.0751181635276301	-0.287666818604596	-0.913205249782187	11
PID_SMAD2_3NUCLEAR_PATHWAY	0.595338983050847	0.797426527756181	0.0730744399126987	-0.18935281536108	-0.913926697450609	34
PID_FRA_PATHWAY	0.62906309751434	0.820028680688336	0.0652353056017703	0.283697279984385	0.863664991738253	10
PID_INTEGRIN_CS_PATHWAY	0.623326959847036	0.820028680688336	0.0656813601934011	0.284606011693563	0.866431460856824	10
PID_NCADHERIN_PATHWAY	0.628571428571429	0.820028680688336	0.0721797965581253	-0.266351445863065	-0.866985022085858	12
PID_AVB3_INTEGRIN_PATHWAY	0.644539614561028	0.827404331724834	0.0696133438850965	-0.214069015890256	-0.877883996294286	21
PID_MYC_REPRESS_PATHWAY	0.646055437100213	0.827404331724834	0.0692836467392548	-0.201377306008213	-0.856725837474303	24
PID_EPHB_FWD_PATHWAY	0.667917448405253	0.847964760584061	0.0614364107201271	0.219749136154299	0.852794971804638	20
PID_ALK1_PATHWAY	0.684759916492693	0.861852998344252	0.0653834195468773	-0.265252041400562	-0.820381184005948	10
PID_EPHRINB_REV_PATHWAY	0.691983122362869	0.863500306538281	0.0653834195468773	-0.237985303578487	-0.821741321083288	14
PID_E2F_PATHWAY	0.706542056074766	0.866109441522665	0.0585937568945671	0.206621739187374	0.818194724969912	21
PID_NETRIN_PATHWAY	0.713375796178344	0.866109441522665	0.0642140881844605	-0.202019803698223	-0.797620203004896	19
PID_NFAT_3PATHWAY	0.710239651416122	0.866109441522665	0.0656813601934011	-0.203049805894523	-0.834555976441267	22
PID_P75_NTR_PATHWAY	0.71780303030303	0.866109441522665	0.0584693210386381	0.236919846970517	0.807850173520855	14
PID_AURORA_B_PATHWAY	0.733752620545073	0.878097398357219	0.062249042949858	-0.217599318600045	-0.783273635816615	15
PID_RXR_VDR_PATHWAY	0.740740740740741	0.879253236976814	0.0559428593065705	0.234288098243226	0.786170118136041	13
PID_AMB2_NEUTROPHILS_PATHWAY	0.80379746835443	0.945523809523809	0.0582216241124161	-0.21088764523745	-0.728175604088989	14
PID_BMP_PATHWAY	0.80952380952381	0.945523809523809	0.0590954798717342	-0.219701383005298	-0.736561838457274	13
PID_IL12_2PATHWAY	0.818011257035647	0.947854313707972	0.0519512476197082	0.187168375664782	0.72635666488214	20
PID_ATR_PATHWAY	0.858064516129032	0.949071358748778	0.0560595875032335	-0.212925906680431	-0.675938423271788	11
PID_CASPASE_PATHWAY	0.854990583804143	0.949071358748778	0.0500922874402106	0.183485649428003	0.69180008177507	19
PID_DELTA_NP63_PATHWAY	0.851428571428571	0.949071358748778	0.0508054139066364	0.198041544508694	0.687818581015095	15
PID_ENDOTHELIN_PATHWAY	0.853658536585366	0.949071358748778	0.0499913914024592	0.177592457493498	0.689194767412157	20
PID_HNF3B_PATHWAY	0.837160751565762	0.949071358748778	0.055826471778749	-0.219874700658066	-0.680036490224105	10
PID_REELIN_PATHWAY	0.835073068893528	0.949071358748778	0.0559428593065705	-0.221668484616163	-0.685584370646153	10
PID_AJDISS_2PATHWAY	0.874730021598272	0.950675945924326	0.0553642837725362	-0.1736641628581	-0.669226687570278	18
PID_P38_ALPHA_BETA_PATHWAY	0.872340425531915	0.950675945924326	0.0547939500773363	-0.183893308620295	-0.676871942563601	16
PID_PS1_PATHWAY	0.879049676025918	0.950675945924326	0.0551351763385257	-0.171813527042739	-0.662095136326598	18
PID_P73PATHWAY	0.885931558935361	0.951073585327667	0.0488970772260102	0.157258030161389	0.668127914692612	26
PID_S1P_S1P2_PATHWAY	0.897703549060543	0.956676774911235	0.0525898950623616	-0.203271374472101	-0.628685117684396	10
PID_MTOR_4PATHWAY	0.909090909090909	0.961791831357049	0.048505983646947	0.138314347760941	0.631772160000977	33
PID_EPHA2_FWD_PATHWAY	0.920668058455115	0.967032636938466	0.0514264916187015	-0.193499644804316	-0.598462755917394	10
PID_IL1_PATHWAY	0.931106471816284	0.971011034894125	0.0509082865515105	-0.188863513795007	-0.584123960911176	10
PID_IL12_STAT4_PATHWAY	0.941935483870968	0.975337451384123	0.0517405459873163	-0.180069174232598	-0.571633934114516	11
PID_HNF3A_PATHWAY	0.954285714285714	0.975772765246449	0.0455878202571231	0.16724361748161	0.580854224023598	15
PID_TGFBR_PATHWAY	0.962406015037594	0.975772765246449	0.0445961615888961	0.136760116965885	0.559339915541202	23
PID_WNT_NONCANONICAL_PATHWAY	0.961759082217973	0.975772765246449	0.0454059226590179	0.178085152366544	0.54214799541195	10
PID_MAPK_TRK_PATHWAY	0.974842767295597	0.981565820863153	0.0489954089862481	-0.153584578741947	-0.552845257836866	15
PID_HDAC_CLASSIII_PATHWAY	0.996175908221797	0.996175908221797	0.0438002031299891	0.152822246017497	0.46523965210871	10
