pathway	pval	padj	log2err	ES	NES	size
PID_WNT_NONCANONICAL_PATHWAY	9.48793596222607e-06	0.00136626277856055	0.593325476396405	-0.710879821082641	-2.54717218238318	14
PID_CXCR4_PATHWAY	0.000370691432263958	0.026689783123005	0.49849310876659	-0.365231987491803	-2.04256795679471	55
PID_AMB2_NEUTROPHILS_PATHWAY	0.00111782876029665	0.0503759633903092	0.45505986738723	-0.606378036847275	-2.11771384092686	13
PID_TCR_PATHWAY	0.00139933231639748	0.0503759633903092	0.45505986738723	-0.416193527172356	-1.95904235958547	33
PID_IFNG_PATHWAY	0.0019864574043707	0.0523334789784294	0.431707695803346	-0.52807584924687	-2.01294173203781	17
PID_VEGFR1_2_PATHWAY	0.00218056162410122	0.0523334789784294	0.431707695803346	-0.397295587924606	-1.89663653846157	35
PID_EPHRINB_REV_PATHWAY	0.00448799392125605	0.0723247035309755	0.407017918923954	-0.517993111536948	-1.9092697271356	15
PID_FAK_PATHWAY	0.00510697325305293	0.0723247035309755	0.407017918923954	-0.383974952257074	-1.80738802355257	33
PID_MYC_REPRESS_PATHWAY	0.00492605066245714	0.0723247035309755	0.407017918923954	0.521056687951924	1.95049735690533	17
PID_P38_ALPHA_BETA_PATHWAY	0.00552480374194952	0.0723247035309755	0.407017918923954	-0.516759270145984	-1.93836620983006	16
PID_PS1_PATHWAY	0.00416260140378466	0.0723247035309755	0.407017918923954	-0.501558093081108	-1.93755836382483	18
PID_ATR_PATHWAY	0.00669706345375438	0.075756240495918	0.407017918923954	0.567363620793081	1.88605514535746	12
PID_MET_PATHWAY	0.00683910504477038	0.075756240495918	0.407017918923954	-0.363245037473243	-1.80309382045699	38
PID_CMYB_PATHWAY	0.0146830520989793	0.142164924562617	0.380730400722792	-0.410553388200357	-1.78588190762414	25
PID_TGFBR_PATHWAY	0.014808846308606	0.142164924562617	0.380730400722792	-0.369456542562007	-1.69299519385963	30
PID_CD8_TCR_DOWNSTREAM_PATHWAY	0.020994860535671	0.151442377471346	0.352487857583619	-0.381780569308445	-1.68171536114936	26
PID_CDC42_PATHWAY	0.0199371066957185	0.151442377471346	0.352487857583619	-0.336380079428846	-1.60583396555721	35
PID_HEDGEHOG_GLI_PATHWAY	0.021033663537687	0.151442377471346	0.352487857583619	-0.419871211019077	-1.65245289421164	19
PID_PDGFRB_PATHWAY	0.0195510896533727	0.151442377471346	0.352487857583619	-0.264692499323061	-1.55310627700801	68
PID_RHOA_PATHWAY	0.0170222673391132	0.151442377471346	0.352487857583619	-0.363681678056318	-1.60754482438094	27
PID_NFAT_3PATHWAY	0.0272442741886413	0.186817880150683	0.352487857583619	-0.348970859741499	-1.59912173768114	30
PID_ECADHERIN_NASCENT_AJ_PATHWAY	0.0327395391728289	0.211988128229634	0.321775918075361	-0.3987041691134	-1.56914749307675	19
PID_ERBB2_ERBB3_PATHWAY	0.0338592149255665	0.211988128229634	0.321775918075361	-0.389115961273021	-1.59831517692389	21
PID_A6B1_A6B4_INTEGRIN_PATHWAY	0.0583657587548638	0.311284046692607	0.261663521711573	0.443258711945893	1.51566739048893	13
PID_AP1_PATHWAY	0.0555555555555556	0.311284046692607	0.276500599254472	-0.42990784361875	-1.61258614127247	16
PID_ENDOTHELIN_PATHWAY	0.0561330561330561	0.311284046692607	0.276500599254472	-0.349233262196066	-1.53834686433434	26
PID_EPHA_FWDPATHWAY	0.0573770491803279	0.311284046692607	0.271288554688953	-0.479366661051087	-1.67413948279671	13
PID_CD8_TCR_PATHWAY	0.0605427974947808	0.311362958544587	0.266350657088526	-0.338254157700195	-1.50919312530063	28
PID_RAC1_PATHWAY	0.0631578947368421	0.313611615245009	0.261663521711573	-0.324574461733981	-1.48732784634064	30
PID_MTOR_4PATHWAY	0.0717299578059072	0.344303797468354	0.245041785430996	-0.310182120741071	-1.4413606161339	32
PID_CERAMIDE_PATHWAY	0.0819672131147541	0.360631104432757	0.224966093540314	-0.357815239390653	-1.43336861823433	20
PID_IL8_CXCR1_PATHWAY	0.0826446280991736	0.360631104432757	0.224966093540314	-0.471161470649392	-1.52633112171199	11
PID_PTP1B_PATHWAY	0.0782241014799154	0.360631104432757	0.234392647294686	-0.374526233610466	-1.47399236348138	19
PID_AVB3_INTEGRIN_PATHWAY	0.0909090909090909	0.363636363636364	0.216542836735348	-0.363702575172932	-1.4313945733932	19
PID_NETRIN_PATHWAY	0.0907258064516129	0.363636363636364	0.211400189384923	-0.446822758701394	-1.52749094935969	12
PID_NOTCH_PATHWAY	0.0866807610993657	0.363636363636364	0.222056046145248	-0.339299983318968	-1.41918958983677	23
PID_RETINOIC_ACID_PATHWAY	0.103305785123967	0.402054947509493	0.199915231309662	-0.455749846051983	-1.47640504811615	11
PID_ERBB1_DOWNSTREAM_PATHWAY	0.111363636363636	0.411188811188811	0.20207170902116	-0.238127313706891	-1.30102893910359	52
PID_ER_NONGENOMIC_PATHWAY	0.109278350515464	0.411188811188811	0.193813302725311	-0.400365880755011	-1.43456151657447	14
PID_ECADHERIN_STABILIZATION_PATHWAY	0.130346232179226	0.422268041237113	0.175204047558551	-0.375524331603718	-1.38414434895949	15
PID_IL2_1PATHWAY	0.124472573839662	0.422268041237113	0.183023938384487	-0.280388301561263	-1.30291408843788	32
PID_IL8_CXCR2_PATHWAY	0.131958762886598	0.422268041237113	0.175204047558551	-0.3900098907468	-1.39745469642338	14
PID_NCADHERIN_PATHWAY	0.125773195876289	0.422268041237113	0.179782316298324	-0.390972443626098	-1.40090364495942	14
PID_P53_REGULATION_PATHWAY	0.131524008350731	0.422268041237113	0.176694268938498	-0.291878031716285	-1.32673375418619	29
PID_SHP2_PATHWAY	0.12396694214876	0.422268041237113	0.181383128498408	-0.332258112024955	-1.36476843912592	21
PID_CASPASE_PATHWAY	0.145299145299145	0.454849498327759	0.169570644405628	-0.308226870897871	-1.31344621097766	24
PID_ATF2_PATHWAY	0.149590163934426	0.458318800139519	0.163180127180689	-0.384002595487818	-1.34109014839073	13
PID_RET_PATHWAY	0.15605749486653	0.468172484599589	0.159646701919906	-0.344611060820033	-1.31360293532791	17
PID_AR_NONGENOMIC_PATHWAY	0.162551440329218	0.477702191987906	0.156312403073186	-0.349089035107631	-1.30943444843022	16
PID_LIS1_PATHWAY	0.167355371900826	0.48198347107438	0.154190966581424	-0.408405528885949	-1.32303277718932	11
PID_PLK1_PATHWAY	0.177319587628866	0.495122341276187	0.149207542435322	-0.351570552736546	-1.25972169348088	14
PID_TNF_PATHWAY	0.178794178794179	0.495122341276187	0.149207542435322	-0.288972512637009	-1.27290268944768	26
PID_ALPHA_SYNUCLEIN_PATHWAY	0.192946058091286	0.497695852534562	0.142901149386948	-0.404385069475472	-1.26099535367016	10
PID_EPHB_FWD_PATHWAY	0.187242798353909	0.497695852534562	0.144630528034484	-0.336532134947398	-1.26233346277412	16
PID_P38_MKK3_6PATHWAY	0.185336048879837	0.497695852534562	0.144630528034484	-0.354626441546476	-1.30711685967703	15
PID_TRAIL_PATHWAY	0.193548387096774	0.497695852534562	0.140406238523342	-0.378296997526377	-1.29323144051768	12
PID_INSULIN_GLUCOSE_PATHWAY	0.206225680933852	0.520991193938153	0.132846300606183	0.362629875534967	1.23996722986575	13
PID_ARF6_TRAFFICKING_PATHWAY	0.248459958932238	0.546343910698608	0.123257226381337	-0.306699684481083	-1.1690907565178	17
PID_BMP_PATHWAY	0.24847250509165	0.546343910698608	0.122679189568808	-0.322310486020505	-1.18800354674874	15
PID_CXCR3_PATHWAY	0.24435318275154	0.546343910698608	0.124434168630393	-0.30896936130053	-1.17774240607651	17
PID_ERBB1_RECEPTOR_PROXIMAL_PATHWAY	0.242299794661191	0.546343910698608	0.125033367555272	-0.309454970551801	-1.17959347184432	17
PID_FOXO_PATHWAY	0.233471074380165	0.546343910698608	0.128142916898415	-0.293492823058713	-1.20553788613117	21
PID_IL12_STAT4_PATHWAY	0.254201680672269	0.546343910698608	0.123257226381337	-0.299214155465445	-1.15588781737214	18
PID_RAS_PATHWAY	0.25	0.546343910698608	0.121543282035469	-0.340474632700134	-1.16393337136074	12
PID_RHOA_REG_PATHWAY	0.251417769376181	0.546343910698608	0.116739204791222	0.287680758491311	1.18768565512629	23
PID_SYNDECAN_2_PATHWAY	0.237903225806452	0.546343910698608	0.125033367555272	-0.342720662704374	-1.17161156240329	12
PID_THROMBIN_PAR1_PATHWAY	0.23109243697479	0.546343910698608	0.130105630751129	-0.305256926162664	-1.17923151587204	18
PID_AJDISS_2PATHWAY	0.292016806722689	0.553295002211411	0.11378726182188	-0.286947477343973	-1.10850067494842	18
PID_ARF6_PATHWAY	0.290513833992095	0.553295002211411	0.110122263835536	0.348444152213062	1.15831340266851	12
PID_FCER1_PATHWAY	0.273684210526316	0.553295002211411	0.118287526124085	-0.24011883249627	-1.13025055288665	33
PID_IL2_STAT5_PATHWAY	0.283057851239669	0.553295002211411	0.114750719227023	-0.349328557671835	-1.13165248538341	11
PID_IL6_7_PATHWAY	0.27061310782241	0.553295002211411	0.119348440591015	-0.280322546180343	-1.17250474180451	23
PID_P38_ALPHA_BETA_DOWNSTREAM_PATHWAY	0.286885245901639	0.553295002211411	0.11331290842208	-0.321229771596725	-1.12186242259875	13
PID_P38_MK2_PATHWAY	0.266798418972332	0.553295002211411	0.115734447701689	0.354788981489827	1.17940516369318	12
PID_RB_1PATHWAY	0.283269961977186	0.553295002211411	0.109250039480711	0.285184785103905	1.15364034124897	22
PID_SMAD2_3NUCLEAR_PATHWAY	0.263713080168776	0.553295002211411	0.120985142145252	-0.269605539830055	-1.17276746366239	25
PID_PDGFRA_PATHWAY	0.31198347107438	0.583449608242997	0.108394255853397	-0.340203850509626	-1.10209292802191	11
PID_TXA2PATHWAY	0.32776617954071	0.605106792998234	0.105920292736253	-0.247697781312029	-1.09487310025317	27
PID_BCR_5PATHWAY	0.348101265822785	0.62962962962963	0.102821842840815	-0.233252418344079	-1.08388210324925	32
PID_HIV_NEF_PATHWAY	0.349794238683128	0.62962962962963	0.100990587455923	-0.284757177962418	-1.068125379953	16
PID_AURORA_B_PATHWAY	0.374745417515275	0.653798351299937	0.096240602328129	-0.280815164610657	-1.03505602829524	15
PID_AVB3_OPN_PATHWAY	0.367864693446089	0.653798351299937	0.0995791200495904	-0.267625277718122	-1.05327098672981	19
PID_HDAC_CLASSI_PATHWAY	0.376842105263158	0.653798351299937	0.0978773277424561	-0.23209366470517	-1.06354445950886	30
PID_PI3KCI_PATHWAY	0.38655462184874	0.662665066026411	0.096240602328129	-0.254866485234431	-1.05426320669179	22
PID_S1P_S1P2_PATHWAY	0.410788381742739	0.69592384671711	0.0919686140000427	-0.327857526827176	-1.02235925409194	10
PID_HNF3A_PATHWAY	0.430528375733855	0.712598690869829	0.0860347242455604	0.280943608931423	1.00754322311096	15
PID_NEPHRIN_NEPH1_PATHWAY	0.429435483870968	0.712598690869829	0.0878312634480124	-0.28843854294342	-0.986044813547668	12
PID_CD40_PATHWAY	0.464358452138493	0.759859285317534	0.0840745577910723	-0.263164630387596	-0.969997961094558	15
PID_E2F_PATHWAY	0.490759753593429	0.777787697527006	0.0815265143256594	-0.250094812942389	-0.953321926492001	17
PID_HDAC_CLASSIII_PATHWAY	0.483870967741935	0.777787697527006	0.0813027345384498	-0.275599576452853	-0.942154020763364	12
PID_IL2_PI3K_PATHWAY	0.496919917864476	0.777787697527006	0.0808589150280032	-0.248788150280098	-0.948341134800101	17
PID_LYSOPHOSPHOLIPID_PATHWAY	0.496881496881497	0.777787697527006	0.0815265143256594	-0.219990472179433	-0.96904186884314	26
PID_INTEGRIN_A4B1_PATHWAY	0.503054989816701	0.778923855200052	0.0797705918628453	-0.255149556461306	-0.940455216862279	15
PID_FANCONI_PATHWAY	0.511857707509881	0.784122445547052	0.077274697304471	0.288582492168769	0.959318634942027	12
PID_HDAC_CLASSII_PATHWAY	0.530737704918033	0.804486626402071	0.077274697304471	-0.259451637922633	-0.906108551583788	13
PID_AR_TF_PATHWAY	0.553014553014553	0.82952182952183	0.0758886900606117	-0.210923361813008	-0.929101913773991	26
PID_HES_HEY_PATHWAY	0.575052854122622	0.850019885709501	0.0747385227439092	-0.232170192758437	-0.913733299413856	19
PID_INSULIN_PATHWAY	0.589494163424125	0.850019885709501	0.0692836467392548	0.231943824258061	0.910223301330449	20
PID_LYMPH_ANGIOGENESIS_PATHWAY	0.588842975206612	0.850019885709501	0.0723570851036907	-0.26920695650024	-0.872097956824335	11
PID_P75_NTR_PATHWAY	0.59043659043659	0.850019885709501	0.0725351864394589	-0.203442163964496	-0.89614778684074	26
PID_RAC1_REG_PATHWAY	0.596194503171247	0.850019885709501	0.0728938564822936	-0.228941027555541	-0.901024537190173	19
PID_BETA_CATENIN_NUC_PATHWAY	0.609603340292276	0.860616480412624	0.0711327399327894	-0.201124663382027	-0.897360615959056	28
PID_TRKR_PATHWAY	0.61864406779661	0.864900444298173	0.0711327399327894	-0.194473833910512	-0.895579965364874	31
PID_EPO_PATHWAY	0.680672268907563	0.933493397358944	0.065981614400873	-0.214435197048363	-0.828380032684055	18
PID_NECTIN_PATHWAY	0.680244399185336	0.933493397358944	0.0645031249656493	-0.221206861372806	-0.815345907980582	15
PID_ARF_3PATHWAY	0.72007722007722	0.941972453312161	0.059221919380382	0.244912614070829	0.79367326699408	11
PID_ATM_PATHWAY	0.771894093686354	0.941972453312161	0.0584693210386381	-0.203834695305867	-0.75131387738472	15
PID_CDC42_REG_PATHWAY	0.771760154738878	0.941972453312161	0.0560595875032335	0.220804112342306	0.777498667671346	14
PID_HIF1_TFPATHWAY	0.764462809917355	0.941972453312161	0.0596037042575973	-0.187187769210004	-0.768884040336122	21
PID_IL12_2PATHWAY	0.758099352051836	0.941972453312161	0.0621124188949471	-0.167020134708742	-0.829062868635641	38
PID_IL3_PATHWAY	0.75	0.941972453312161	0.0605092988656667	-0.235787089467724	-0.76383404665167	11
PID_IL4_2PATHWAY	0.761099365750529	0.941972453312161	0.0609039347452418	-0.197764665445967	-0.778326270562372	19
PID_INTEGRIN_CS_PATHWAY	0.748076923076923	0.941972453312161	0.0572461135202884	0.243543419019189	0.763370411286911	10
PID_MAPK_TRK_PATHWAY	0.740740740740741	0.941972453312161	0.0609039347452418	-0.204813494176635	-0.768256283660014	16
PID_MYC_ACTIV_PATHWAY	0.722338204592902	0.941972453312161	0.0628003977812234	-0.18513240278193	-0.826007731726148	28
PID_NFAT_TFPATHWAY	0.718487394957983	0.941972453312161	0.0633597010643758	-0.208283152268601	-0.804614199808291	18
PID_PI3KCI_AKT_PATHWAY	0.728136882129278	0.941972453312161	0.0579754757571486	0.206877389700051	0.79221528364495	18
PID_TCPTP_PATHWAY	0.716632443531828	0.941972453312161	0.0623861492893626	-0.208998417107272	-0.796668956410463	17
PID_BARD1_PATHWAY	0.794466403162055	0.954079696394687	0.0557104226766671	0.218335663354528	0.725801031636857	12
PID_P53_DOWNSTREAM_PATHWAY	0.795066413662239	0.954079696394687	0.05378728077603	0.1650583757442	0.755584035095578	33
PID_ANGIOPOIETIN_RECEPTOR_PATHWAY	0.965163934426229	0.965163934426229	0.0484087618816951	-0.13702414907523	-0.548903717905284	20
PID_AR_PATHWAY	0.954545454545455	0.965163934426229	0.0453152441270267	0.134116287424475	0.565513359068092	25
PID_DELTA_NP63_PATHWAY	0.872340425531915	0.965163934426229	0.0503964322442957	0.193440701924985	0.68114622696395	14
PID_ERA_GENOMIC_PATHWAY	0.893939393939394	0.965163934426229	0.0483117581055019	0.156838094359548	0.661321896649225	25
PID_ERBB1_INTERNALIZATION_PATHWAY	0.86892177589852	0.965163934426229	0.0546808488785442	-0.16073744413245	-0.6723162942077	23
PID_ERBB4_PATHWAY	0.934156378600823	0.965163934426229	0.0500922874402106	-0.161203195882813	-0.604673870151546	16
PID_FAS_PATHWAY	0.834033613445378	0.965163934426229	0.0562940749700968	-0.188285003652669	-0.727359778742565	18
PID_FGF_PATHWAY	0.964083175803403	0.965163934426229	0.044774889329693	0.14258410125369	0.558763364922479	19
PID_GMCSF_PATHWAY	0.822410147991543	0.965163934426229	0.0572461135202884	-0.18598342309173	-0.731959795522523	19
PID_HIF1A_PATHWAY	0.873076923076923	0.965163934426229	0.0500922874402106	0.211277173913043	0.662234043502645	10
PID_IGF1_PATHWAY	0.87037037037037	0.965163934426229	0.053347785067549	-0.17668376257911	-0.662741541360708	16
PID_IL1_PATHWAY	0.825462012320329	0.965163934426229	0.0557104226766671	-0.187632508998963	-0.715225489273239	17
PID_IL23_PATHWAY	0.919587628865979	0.965163934426229	0.0509082865515105	-0.168147365335402	-0.602493246848778	14
PID_IL27_PATHWAY	0.952868852459016	0.965163934426229	0.0489954089862481	-0.162851653928461	-0.568742897310763	13
PID_ILK_PATHWAY	0.963531669865643	0.965163934426229	0.0454967810085007	0.132049760015905	0.557566063979114	26
PID_KIT_PATHWAY	0.963675213675214	0.965163934426229	0.0503964322442957	-0.125873687391071	-0.536385154493452	24
PID_LKB1_PATHWAY	0.861867704280156	0.965163934426229	0.051218434854034	0.174646300984111	0.685369111057002	20
PID_NFKAPPAB_CANONICAL_PATHWAY	0.890495867768595	0.965163934426229	0.0524827622635459	-0.199093997734994	-0.644966500486857	11
PID_P73PATHWAY	0.918560606060606	0.965163934426229	0.0470699590082662	0.14725263628071	0.620903952636105	25
PID_PI3K_PLC_TRK_PATHWAY	0.936046511627907	0.965163934426229	0.0472587336673259	0.167801977787546	0.611845579278613	16
PID_REG_GR_PATHWAY	0.936842105263158	0.965163934426229	0.051011413203915	-0.13846789225535	-0.634514344952593	30
PID_S1P_S1P3_PATHWAY	0.883817427385892	0.965163934426229	0.0530212512043078	-0.204674135663963	-0.638236061542743	10
PID_TAP63_PATHWAY	0.845401174168297	0.965163934426229	0.0523759084097997	0.199323548420362	0.714830606687286	15
PID_TELOMERASE_PATHWAY	0.954110898661568	0.965163934426229	0.04577044581081	0.12773906220176	0.559557399864639	28
