pathway	pval	padj	log2err	ES	NES	size
PID_TCR_PATHWAY	0.000502907620222896	0.076944865894103	0.477270815362862	-0.424902819749914	-2.11251182048024	41
PID_PDGFRB_PATHWAY	0.00216311183217206	0.165478055161162	0.431707695803346	-0.31994652053988	-1.77568732375718	66
PID_CD8_TCR_PATHWAY	0.00790589870313529	0.302400625394925	0.380730400722792	-0.392177893941134	-1.81039161212683	33
PID_P53_DOWNSTREAM_PATHWAY	0.00789283287540513	0.302400625394925	0.380730400722792	0.348840371908	1.74074212282858	52
PID_GLYPICAN_1PATHWAY	0.0125096212248278	0.34272277650593	0.380730400722792	-0.552730052276197	-1.77995003322556	11
PID_IGF1_PATHWAY	0.0177081011949062	0.34272277650593	0.352487857583619	-0.434699281695457	-1.63875836996971	18
PID_PI3KCI_AKT_PATHWAY	0.0179201451767807	0.34272277650593	0.352487857583619	-0.426120539181843	-1.6961136450231	20
PID_TGFBR_PATHWAY	0.016794509321472	0.34272277650593	0.352487857583619	-0.368334071347348	-1.69940178212212	32
PID_A6B1_A6B4_INTEGRIN_PATHWAY	0.0264754227761678	0.450082187194853	0.352487857583619	0.527395395659554	1.74238118882437	13
PID_E2F_PATHWAY	0.0294745683884428	0.450960896343175	0.352487857583619	0.37843629260061	1.64440079301815	31
PID_MAPK_TRK_PATHWAY	0.0348403890271301	0.484598138286445	0.321775918075361	-0.495547764368911	-1.59580658952942	11
PID_ATM_PATHWAY	0.0448028673835125	0.498011119548898	0.287857117255149	0.402833600277524	1.57296367710155	21
PID_ERBB1_DOWNSTREAM_PATHWAY	0.0409713730239969	0.498011119548898	0.321775918075361	-0.279875437571238	-1.46286193349085	52
PID_WNT_NONCANONICAL_PATHWAY	0.0455696449260429	0.498011119548898	0.321775918075361	-0.406600383433229	-1.53282926759219	18
PID_HEDGEHOG_GLI_PATHWAY	0.0703296703296703	0.578231292517007	0.252961123069611	-0.38073443343782	-1.51546055236837	20
PID_MTOR_4PATHWAY	0.0730088495575221	0.578231292517007	0.248911114434702	-0.319905363125297	-1.44742891601899	30
PID_P38_ALPHA_BETA_PATHWAY	0.0760869565217391	0.578231292517007	0.241339976815091	-0.404294465242033	-1.44495415881796	15
PID_P38_MKK3_6PATHWAY	0.0620848284149188	0.578231292517007	0.321775918075361	-0.416124675248044	-1.53896650658147	17
PID_PLK1_PATHWAY	0.0585009140767824	0.578231292517007	0.252961123069611	0.40087618939788	1.53410890904279	20
PID_RAC1_PATHWAY	0.0682819383259912	0.578231292517007	0.257206466468838	-0.349677255850062	-1.50782154334525	26
PID_REG_GR_PATHWAY	0.0793650793650794	0.578231292517007	0.241339976815091	-0.315422409228105	-1.45528053487619	32
PID_BCR_5PATHWAY	0.091324200913242	0.583032490974729	0.224966093540314	-0.303304480175814	-1.40012962309701	33
PID_EPHB_FWD_PATHWAY	0.093235831809872	0.583032490974729	0.197822021315103	0.377902928550625	1.44619277666168	20
PID_FANCONI_PATHWAY	0.100917431192661	0.583032490974729	0.190023305279108	0.377659216963191	1.42046898117499	19
PID_FGF_PATHWAY	0.102888086642599	0.583032490974729	0.186432558434075	0.393476549023896	1.42536623880176	17
PID_HDAC_CLASSII_PATHWAY	0.0984682713347921	0.583032490974729	0.211400189384923	-0.36680376422496	-1.42457418991123	19
PID_LIS1_PATHWAY	0.0910407614858077	0.583032490974729	0.287805130535564	-0.446104231230325	-1.52131230069912	13
PID_CDC42_PATHWAY	0.119638826185102	0.602815922127586	0.193813302725311	-0.290325375635981	-1.34638722743588	34
PID_DELTA_NP63_PATHWAY	0.118681318681319	0.602815922127586	0.191892240384838	-0.349107378853302	-1.38957345259213	20
PID_FOXM1_PATHWAY	0.130019120458891	0.602815922127586	0.169570644405628	0.443136715330024	1.38932420056509	11
PID_RHOA_REG_PATHWAY	0.121621621621622	0.602815922127586	0.191892240384838	-0.341313121069669	-1.38028087829453	21
PID_SHP2_PATHWAY	0.126126126126126	0.602815922127586	0.188204146308491	-0.329541609684827	-1.36948696434866	24
PID_TCPTP_PATHWAY	0.126126126126126	0.602815922127586	0.188204146308491	-0.328875980045196	-1.36672078524482	24
PID_ARF6_TRAFFICKING_PATHWAY	0.140659340659341	0.605334202196984	0.175204047558551	-0.34336224480978	-1.36670574416762	20
PID_FAS_PATHWAY	0.148014440433213	0.605334202196984	0.153158808683073	0.362012539385817	1.31138806859898	17
PID_IL23_PATHWAY	0.162213740458015	0.605334202196984	0.150169802128406	0.409426564236753	1.32346146364678	12
PID_IL2_PI3K_PATHWAY	0.14336917562724	0.605334202196984	0.155241966228839	0.324943881593277	1.32798853955159	24
PID_INTEGRIN_A4B1_PATHWAY	0.15929203539823	0.605334202196984	0.16440575583821	-0.359184379406956	-1.29692823096558	16
PID_RAC1_REG_PATHWAY	0.140043763676149	0.605334202196984	0.175204047558551	-0.352578857792919	-1.36932820681777	19
PID_RB_1PATHWAY	0.152293577981651	0.605334202196984	0.152144922367565	0.319115228269126	1.33120465054661	27
PID_SMAD2_3NUCLEAR_PATHWAY	0.157894736842105	0.605334202196984	0.16823816568964	-0.271762150106201	-1.26960493194903	35
PID_PI3K_PLC_TRK_PATHWAY	0.169090909090909	0.615974025974026	0.142901149386948	0.358291857680538	1.27353928234326	16
PID_EPHRINB_REV_PATHWAY	0.175965665236052	0.626110390258509	0.153158808683073	-0.368201307545678	-1.28102909905314	14
PID_INSULIN_PATHWAY	0.184684684684685	0.630091743119266	0.153158808683073	-0.303206951217466	-1.26004715334538	24
PID_RET_PATHWAY	0.185321100917431	0.630091743119266	0.136490437780413	0.338811895711589	1.27435467398725	19
PID_AVB3_INTEGRIN_PATHWAY	0.204301075268817	0.66506520247083	0.127505315300183	0.299875877073097	1.22554001044251	24
PID_TNF_PATHWAY	0.20045045045045	0.66506520247083	0.14641623786055	-0.293863586827935	-1.22121862499395	24
PID_ARF6_PATHWAY	0.248565965583174	0.667179684494036	0.118287526124085	0.387344470540916	1.21440410658996	11
PID_ARF_3PATHWAY	0.219665271966527	0.667179684494036	0.133554954557592	-0.372028390931046	-1.24213612237731	12
PID_AR_PATHWAY	0.300884955752212	0.667179684494036	0.115240003147781	-0.245858764180883	-1.11240112093001	30
PID_AR_TF_PATHWAY	0.210762331838565	0.667179684494036	0.142056643575821	-0.268078453184431	-1.2246374578646	31
PID_ATR_PATHWAY	0.287272727272727	0.667179684494036	0.105520936843198	0.307944464982576	1.1408429910028	18
PID_BMP_PATHWAY	0.240343347639485	0.667179684494036	0.128788713061714	-0.345478360273887	-1.20197246325398	14
PID_CD40_PATHWAY	0.3	0.667179684494036	0.114266502484433	-0.324313532711151	-1.159101170409	15
PID_CDC42_REG_PATHWAY	0.265690376569038	0.667179684494036	0.119887845115423	-0.358586687978552	-1.19725668524142	12
PID_CMYB_PATHWAY	0.291196388261851	0.667179684494036	0.118815039412263	-0.247050354675361	-1.14569882615244	34
PID_ECADHERIN_KERATINOCYTE_PATHWAY	0.290630975143403	0.667179684494036	0.107972360317345	0.374968009446489	1.13993733315666	10
PID_ERBB1_INTERNALIZATION_PATHWAY	0.254504504504505	0.667179684494036	0.128142916898415	-0.293523147048759	-1.18701673682664	21
PID_ERBB4_PATHWAY	0.300373134328358	0.667179684494036	0.104343952581949	0.338047245305681	1.13992152483666	14
PID_FCER1_PATHWAY	0.224215246636771	0.667179684494036	0.137250779610133	-0.26171793050588	-1.19558128333352	31
PID_GMCSF_PATHWAY	0.298283261802575	0.667179684494036	0.11378726182188	-0.328711245135978	-1.14363708540861	14
PID_HDAC_CLASSIII_PATHWAY	0.290794979079498	0.667179684494036	0.11378726182188	-0.348853848072568	-1.16476047711525	12
PID_HES_HEY_PATHWAY	0.285454545454545	0.667179684494036	0.105920292736253	0.308568684974956	1.14315554110235	18
PID_IL2_STAT5_PATHWAY	0.220183486238532	0.667179684494036	0.12384217120105	0.32923279921665	1.23832534164855	19
PID_MET_PATHWAY	0.24009324009324	0.667179684494036	0.135002033828631	-0.229123570581686	-1.17307602939192	47
PID_PDGFRA_PATHWAY	0.263358778625954	0.667179684494036	0.114266502484433	0.368611391451806	1.19152740506008	12
PID_PI3KCI_PATHWAY	0.273333333333333	0.667179684494036	0.122107920287081	-0.273612793866875	-1.13346089849146	23
PID_PTP1B_PATHWAY	0.292418772563177	0.667179684494036	0.103958471559957	0.313374106319828	1.13519566126883	17
PID_RAS_PATHWAY	0.246861924686192	0.667179684494036	0.125033367555272	-0.363838502580319	-1.21479155296632	12
PID_VEGFR1_2_PATHWAY	0.306818181818182	0.670616883116883	0.115734447701689	-0.223472331194621	-1.11104920762063	41
PID_AP1_PATHWAY	0.319343065693431	0.670892960331758	0.0992333343771191	0.266576371615907	1.10650724371228	26
PID_CXCR4_PATHWAY	0.320099255583127	0.670892960331758	0.118815039412263	-0.209578265157487	-1.09744470794846	55
PID_P38_MK2_PATHWAY	0.318376068376068	0.670892960331758	0.109250039480711	-0.33421859270151	-1.13975797718144	13
PID_AR_NONGENOMIC_PATHWAY	0.330434782608696	0.674086956521739	0.107972360317345	-0.315320597150407	-1.12696029103609	15
PID_ERBB1_RECEPTOR_PROXIMAL_PATHWAY	0.327272727272727	0.674086956521739	0.09754492162472	0.29623776375612	1.09747313195136	18
PID_NCADHERIN_PATHWAY	0.339350180505415	0.683165494964849	0.0949751525905595	0.302125528345405	1.09444776074198	17
PID_CERAMIDE_PATHWAY	0.364864864864865	0.706637016763599	0.103958471559957	-0.261785829855879	-1.05867003889598	21
PID_P53_REGULATION_PATHWAY	0.358108108108108	0.706637016763599	0.105125131597001	-0.257695190825133	-1.07091242574157	24
PID_TELOMERASE_PATHWAY	0.364464692482916	0.706637016763599	0.104732821580651	-0.220511250589919	-1.0655142906484	38
PID_NECTIN_PATHWAY	0.374545454545455	0.707474747474747	0.0897104652742981	0.301004997385126	1.06991459653372	16
PID_NEPHRIN_NEPH1_PATHWAY	0.374545454545455	0.707474747474747	0.0897104652742981	0.300959553490416	1.06975306736744	16
PID_NETRIN_PATHWAY	0.386281588447653	0.720744915030378	0.0875697115548511	0.293091648290036	1.06172258901764	17
PID_AJDISS_2PATHWAY	0.439824945295405	0.723781814951361	0.0911073131586733	-0.260019924827629	-1.00985243309805	19
PID_ANGIOPOIETIN_RECEPTOR_PATHWAY	0.40036563071298	0.723781814951361	0.0862865626267245	0.273568683204309	1.04691714109836	20
PID_BETA_CATENIN_NUC_PATHWAY	0.419864559819413	0.723781814951361	0.0956031492204301	-0.223616751274558	-1.03702522418939	34
PID_ENDOTHELIN_PATHWAY	0.44	0.723781814951361	0.0919686140000427	-0.245069594149055	-1.00825669306331	22
PID_ERA_GENOMIC_PATHWAY	0.434306569343066	0.723781814951361	0.0817515582532145	0.241395889452484	1.00198790561377	26
PID_IL4_2PATHWAY	0.415770609318996	0.723781814951361	0.083129129135339	0.262541459307574	1.02515822647253	21
PID_LKB1_PATHWAY	0.442652329749104	0.723781814951361	0.0797705918628453	0.256620527272958	1.00203847921554	21
PID_LYSOPHOSPHOLIPID_PATHWAY	0.403153153153153	0.723781814951361	0.0978773277424561	-0.256096077829661	-1.03566050471981	21
PID_NOTCH_PATHWAY	0.432971014492754	0.723781814951361	0.0815265143256594	0.256795173871915	1.00852417440383	22
PID_P38_ALPHA_BETA_DOWNSTREAM_PATHWAY	0.429203539823009	0.723781814951361	0.0931454575337804	-0.272246791536833	-1.02633412824673	18
PID_S1P_S1P2_PATHWAY	0.444676409185804	0.723781814951361	0.0878312634480124	-0.311988767404876	-1.00469372819775	11
PID_S1P_S1P3_PATHWAY	0.413361169102296	0.723781814951361	0.0919686140000427	-0.333352980098463	-1.03454282565125	10
PID_ECADHERIN_NASCENT_AJ_PATHWAY	0.453211009174312	0.723878816793893	0.0797705918628453	0.266980977984447	1.00418096727567	19
PID_TRAIL_PATHWAY	0.454198473282443	0.723878816793893	0.0817515582532145	0.309298190326776	0.999798917386484	12
PID_FRA_PATHWAY	0.464419475655431	0.732537935827638	0.0795564677235957	0.299065541980127	0.988037019018859	13
PID_CASPASE_PATHWAY	0.481981981981982	0.732564941395671	0.0875697115548511	-0.237247477872107	-0.985937188876358	24
PID_IL27_PATHWAY	0.476495726495726	0.732564941395671	0.0852884689790502	-0.289736928091914	-0.988065841602448	13
PID_TXA2PATHWAY	0.483588621444201	0.732564941395671	0.0857844408075645	-0.220731584530876	-0.964502662282156	27
PID_VEGFR1_PATHWAY	0.47970479704797	0.732564941395671	0.0770736734944102	0.287746388586074	0.989957979894801	15
PID_AVB3_OPN_PATHWAY	0.5	0.742718446601942	0.0738052724171275	0.266574719076891	0.965665185467482	17
PID_SYNDECAN_2_PATHWAY	0.496868475991649	0.742718446601942	0.0817515582532145	-0.296967166630307	-0.956319845345379	11
PID_ALK1_PATHWAY	0.506276150627615	0.744471744471744	0.0808589150280032	-0.290744322115558	-0.970743184336103	12
PID_CD8_TCR_DOWNSTREAM_PATHWAY	0.540106951871658	0.744471744471744	0.0692836467392548	0.213123447800707	0.936677443962293	32
PID_CXCR3_PATHWAY	0.531868131868132	0.744471744471744	0.0808589150280032	-0.232962180677976	-0.927273616476939	20
PID_ECADHERIN_STABILIZATION_PATHWAY	0.53199268738574	0.744471744471744	0.0713052987340038	0.24801958133507	0.949143549569983	20
PID_FAK_PATHWAY	0.5355871886121	0.744471744471744	0.0696133438850965	0.206624711427993	0.964974710478868	41
PID_IL1_PATHWAY	0.531716417910448	0.744471744471744	0.0723570851036907	0.282705569439951	0.953305102381171	14
PID_INTEGRIN1_PATHWAY	0.534446764091858	0.744471744471744	0.0778840111977068	-0.299796991568727	-0.930403642072269	10
PID_TRKR_PATHWAY	0.515151515151515	0.744471744471744	0.0716527366829457	0.221287088219628	0.942776279416711	28
PID_HNF3A_PATHWAY	0.548672566371681	0.749525916561315	0.0795564677235957	-0.256227257211706	-0.925174875281078	16
PID_AURORA_B_PATHWAY	0.567164179104478	0.767930260203408	0.069119845655101	0.272627334553988	0.919320512835171	14
PID_ERBB2_ERBB3_PATHWAY	0.611607142857143	0.807015230434496	0.0743625384422526	-0.240089130379384	-0.887928912237416	17
PID_LYMPH_ANGIOGENESIS_PATHWAY	0.604961832061069	0.807015230434496	0.0670512579829467	0.272381648395795	0.880467088715735	12
PID_UPA_UPAR_PATHWAY	0.611854684512428	0.807015230434496	0.0665892104103933	0.286546800486338	0.871128702560918	10
PID_EPHA_FWDPATHWAY	0.619502868068834	0.810119135166936	0.065981614400873	0.278649949134986	0.873624559705352	11
PID_BARD1_PATHWAY	0.626106194690266	0.81055900621118	0.0727141077934447	-0.238099673464565	-0.897604043087587	18
PID_ILK_PATHWAY	0.630434782608696	0.81055900621118	0.0625237414724762	0.221546969010429	0.870092185316377	22
PID_IL2_1PATHWAY	0.650684931506849	0.829623287671233	0.0723570851036907	-0.186358316396688	-0.86027677252324	33
PID_ALPHA_SYNUCLEIN_PATHWAY	0.721757322175732	0.847777051323962	0.0629394692018967	-0.232942151986147	-0.777752097580983	12
PID_AURORA_A_PATHWAY	0.734225621414914	0.847777051323962	0.0578529757032509	0.245717910763375	0.770375886551419	11
PID_HIF2PATHWAY	0.727099236641221	0.847777051323962	0.0582216241124161	0.241784118455374	0.781561313428742	12
PID_IL12_STAT4_PATHWAY	0.711469534050179	0.847777051323962	0.0562940749700968	0.204759838341127	0.799535560136709	21
PID_IL6_7_PATHWAY	0.696043165467626	0.847777051323962	0.0574877409561325	0.191794628938509	0.833395861046437	31
PID_IL8_CXCR2_PATHWAY	0.692477876106195	0.847777051323962	0.0676760401641789	-0.227102370860188	-0.820011929733962	16
PID_INSULIN_GLUCOSE_PATHWAY	0.73695652173913	0.847777051323962	0.0637845390312975	-0.220169920641535	-0.786890422274649	15
PID_MYC_PATHWAY	0.684512428298279	0.847777051323962	0.0611692626746689	0.258405582575597	0.810154331640132	11
PID_REELIN_PATHWAY	0.726937269372694	0.847777051323962	0.0566484183613995	0.233456684625951	0.803180568280568	15
PID_RETINOIC_ACID_PATHWAY	0.725746268656716	0.847777051323962	0.0572461135202884	0.232701670836255	0.784688078767919	14
PID_TAP63_PATHWAY	0.707964601769911	0.847777051323962	0.0665892104103933	-0.214667322774721	-0.809267203258277	18
PID_TCR_CALCIUM_PATHWAY	0.729007633587786	0.847777051323962	0.0580983576873206	0.241381987604779	0.780261435182937	12
PID_THROMBIN_PAR1_PATHWAY	0.697463768115942	0.847777051323962	0.0577308549299813	0.207669430026544	0.815590251594443	22
PID_NFAT_TFPATHWAY	0.747747747747748	0.853771682129891	0.0647943366000727	-0.192555013411976	-0.778698463743049	21
PID_ATF2_PATHWAY	0.778021978021978	0.861486486486487	0.0617054053637522	-0.186378074116438	-0.741852047894637	20
PID_ER_NONGENOMIC_PATHWAY	0.772563176895307	0.861486486486487	0.052805004567129	0.208334953874243	0.754692014940475	17
PID_FOXO_PATHWAY	0.810810810810811	0.861486486486487	0.0609039347452418	-0.17735602654621	-0.737044304165432	24
PID_HDAC_CLASSI_PATHWAY	0.81038374717833	0.861486486486487	0.0610363728309177	-0.15961355656865	-0.74020968170242	34
PID_HIF1_TFPATHWAY	0.77536231884058	0.861486486486487	0.052805004567129	0.184498966654302	0.738729618482454	23
PID_MYC_ACTIV_PATHWAY	0.789823008849557	0.861486486486487	0.0613026075396207	-0.170156455155556	-0.769881977073877	30
PID_MYC_REPRESS_PATHWAY	0.797074954296161	0.861486486486487	0.0519512476197082	0.194635086506533	0.744846982981138	20
PID_P73PATHWAY	0.796791443850267	0.861486486486487	0.0508054139066364	0.178363072056935	0.759901875938988	28
PID_P75_NTR_PATHWAY	0.794495412844037	0.861486486486487	0.0522693317499306	0.198863368337744	0.747973923388384	19
PID_RHOA_PATHWAY	0.802536231884058	0.861486486486487	0.051218434854034	0.180518510980714	0.722791965527218	23
PID_HIV_NEF_PATHWAY	0.867256637168142	0.896555847883281	0.0568864160475701	-0.179878313936558	-0.678117275441211	18
PID_IFNG_PATHWAY	0.866548042704626	0.896555847883281	0.0468819856878333	0.167685109038263	0.691966941370222	25
PID_KIT_PATHWAY	0.861209964412811	0.896555847883281	0.0471642455670861	0.169858051624467	0.700933774762717	25
PID_PS1_PATHWAY	0.866071428571429	0.896555847883281	0.0573667426768556	-0.182004270433618	-0.673111913118762	17
PID_IL12_2PATHWAY	0.880143112701252	0.903771115726789	0.0464154956843849	0.151193388064559	0.67766647089925	34
PID_IL8_CXCR1_PATHWAY	0.91412213740458	0.926229715383449	0.0476387259290825	0.19114269789097	0.617864146621163	12
PID_NFAT_3PATHWAY	0.909706546275395	0.926229715383449	0.0555947097758869	-0.141469186015646	-0.656064957153581	34
PID_AMB2_NEUTROPHILS_PATHWAY	0.9581589958159	0.964462673419952	0.0496901392724606	-0.164440410995563	-0.54903706129788	12
PID_EPO_PATHWAY	0.965454545454545	0.965454545454545	0.0429311093452583	0.151959537264603	0.540136304760041	16
